-2.524981 1.367114 -1.992314
-0.940497 -0.153418 0.736620
-2.149569 2.147979 0.740953
-1.488693 1.964825 1.959238
1.423634 0.666619 0.842477
1.893780 -1.817283 1.420001
-1.034183 -0.655296 0.168429
0.099950 -0.565199 -2.359005
-0.275187 0.539607 1.364270
1.857833 -0.855914 -0.143261
-0.095924 -2.330192 0.171960
0.508808 -2.106981 0.979171
1.050030 0.822218 -1.410126
1.489633 2.208249 -2.617570
0.640643 -0.606320 1.005412
0.027434 -2.566086 -0.196804
-1.389201 -0.427314 2.150565
1.663902 -2.205745 -2.709326
-1.576420 -2.315135 -2.124127
0.073724 -1.291566 0.435546
0.897875 0.503464 -2.513238
0.532953 -1.860091 -2.624072
0.409963 0.143872 -2.047527
1.702960 -0.631729 1.147049
1.477928 2.277134 2.118108
-1.912099 0.546552 -1.660869
1.111826 0.445863 -2.433834
0.277225 -0.323860 -2.695813
2.224164 -2.438984 -2.037808
0.285025 -2.273756 -0.910305
-0.404730 -0.182223 -2.110321
1.118572 1.376427 -1.981342
1.677235 2.152348 -1.441386
0.525986 2.098425 -1.235422
1.421577 2.013241 -0.570981
-1.273369 -1.442002 -1.683043
-1.447686 -1.503029 0.423918
-0.233516 -2.654579 -0.292619
1.819813 1.384637 -0.011136
0.914964 0.811552 1.763834
-2.509715 -1.971749 1.171821
-2.166581 0.435634 1.421801
1.541853 -1.771330 -1.955713
-0.146534 2.088004 -2.447709
-1.679427 -2.407180 -0.741192
-2.093825 -0.758382 -0.983662
1.092474 -2.579239 -2.523141
-1.625228 -2.165600 -0.713116
-1.543837 -0.939705 -1.950516
0.513256 -1.037459 -1.165426
-2.356151 -0.803727 -2.443315
1.378646 -1.239115 -0.245251
0.374443 -1.478006 0.228318
-2.174161 -0.936196 -0.545939
-1.813255 0.312093 -1.223137
0.757665 -2.757637 1.597727
-1.806398 1.435618 0.252658
-2.835261 0.960781 -2.673014
-2.162785 -0.564482 -2.273458
-0.557280 -2.617751 -0.248322
-2.512437 -0.064175 1.711909
-1.522742 -0.745024 -2.626100
1.354970 -2.523373 1.649432
-2.542667 -1.066797 0.498713
-2.233428 -0.319644 0.887807
-1.548051 -0.005566 -0.239879
1.649330 -0.698988 -1.950555
1.077717 -0.930409 1.030782
1.612609 -2.178829 -2.659371
-2.536590 -2.039165 -1.861641
-1.604346 -0.829409 -1.272455
-1.769045 -0.080638 1.244844
-0.876146 0.698554 -1.393725
-1.043685 0.595653 -0.451240
1.131282 0.729754 -2.185740
-0.839743 -1.677141 0.583272
1.102728 -2.350924 -2.610160
-2.297257 -2.661077 0.163049
-2.259206 1.309172 -2.907738
1.327378 1.259934 -1.951966
-3.015067 -0.630429 -0.841806
1.314997 1.647712 -1.742631
0.843244 -1.738339 -2.980010
-1.234545 -2.732018 -2.196015
-1.089425 -0.671851 -1.044743
-0.330504 -0.954819 -1.297825
1.426657 -1.335132 1.071515
0.357328 -2.634939 0.863873
-2.061491 -1.604741 -0.945252
-1.493298 1.745463 0.083140
-1.066381 1.505388 -0.912521
-0.095670 -2.777429 1.444374
-1.131911 -0.054190 1.642376
-3.011856 -2.751190 0.517437
1.505747 -2.266165 0.962574
-2.712933 -0.437391 -2.635829
-0.785756 0.753676 -0.541076
-1.023898 0.021471 -1.980420
-1.826645 0.284083 -2.657547
0.488084 -2.472942 -3.184837
-0.235529 -2.595752 -1.488760
0.524413 -1.662529 -2.208100
-1.047595 0.530345 -1.322738
0.033431 -1.935880 -3.279450
-0.274920 0.042848 1.618394
1.596159 -0.431225 -1.161114
-1.942639 0.830159 1.184937
-1.968514 1.252115 0.999496
-0.940375 0.795580 0.437077
0.476780 -1.317445 -1.332319
-1.949160 -2.298459 -2.086871
1.206292 -1.698917 1.157044
-3.188957 0.813619 0.593286
1.707093 0.620724 -1.340159
0.491044 1.375463 -0.061647
-1.445106 0.094065 -1.158762
-1.215853 1.173302 -0.964419
-2.780451 -0.560062 1.468539
-2.284532 -2.496414 -3.025979
-0.328595 1.041745 -2.113472
-0.967167 -0.839901 -0.296883
-1.745168 1.505501 0.178306
0.474403 0.325453 -2.585905
-1.164352 -0.851276 -0.443281
-2.179438 0.769611 -0.908926
0.876738 1.127433 -1.103589
0.409432 -1.883732 -0.871226
-2.599867 -0.845647 -1.841479
-0.414491 1.074562 0.488004
1.081341 -2.454508 0.363552
-1.718307 -0.470563 -2.135873
0.943956 0.641870 -2.113143
-2.632199 1.399360 -2.027305
1.107722 -2.809546 -1.014094
0.071737 -2.075985 -2.075803
-0.897592 -1.528711 1.135237
-3.344231 -2.755799 -2.973974
0.912822 1.517753 -3.423933
0.488071 -2.450052 -2.455641
-2.362635 1.623712 0.370513
-1.737982 -2.666212 -2.156594
0.474164 -0.488223 -0.464791
0.766590 -2.520360 -2.858966
-1.593494 -1.716171 0.753680
-2.743873 -2.107328 -3.390915
-0.819046 -1.559329 1.218250
-0.878712 1.304258 0.228005
-2.733035 -0.381478 -2.708394
0.038533 -2.555212 0.128652
-0.914436 1.242822 0.643191
-1.006630 1.388271 -2.429970
-0.730727 1.204794 -2.894013
-1.902228 1.439391 -1.804438
-2.465132 -2.271435 -1.823246
-1.668439 -2.414686 -1.574936
-3.003649 -0.281361 -3.344508
0.739741 -1.982958 -3.106961
-0.810028 0.946023 -2.081644
-2.461185 -2.385418 1.135486
0.644002 -1.320280 -2.215613
0.027883 -2.744181 -0.874118
-2.260212 0.967437 -3.095094
-2.572845 -2.849087 -1.438844
-1.342752 -0.926429 -2.122828
0.657069 -0.814588 -3.218047
-2.766882 -0.543562 -1.458501
-2.576604 -2.337850 -1.620190
-0.095294 -3.077904 -2.447694
-0.990096 -2.785450 -2.025115
-1.694709 -1.453941 -2.711532
-2.303394 -2.383288 0.478893
-2.315404 -3.308195 0.790093
-3.350347 -2.667444 1.427080
-2.824187 -3.012608 1.100684
-2.254753 0.954557 -1.129195
-1.649087 0.568418 -3.171314
-1.044513 0.055600 -3.115250
-0.928836 -0.670131 -0.040572
-2.079126 1.046688 -2.159092
-2.373683 -0.939295 0.377143
-2.126091 -0.186673 -0.630727
-1.086760 -2.671324 -2.216571
-0.618409 0.223520 -3.250162
-0.212689 1.535204 -3.177090
0.303102 1.376477 -2.699512
-2.536237 -0.434410 1.369727
-3.088367 0.817930 -1.085112
-0.943552 1.491678 -1.632710
-2.881606 1.303086 -2.531468
-1.850635 -2.417530 0.430595
-2.474987 -0.910035 -0.559859
-3.313760 -1.417924 -0.689029
-2.919108 -2.595335 -2.277575
0.109272 -0.965588 -0.988088
-0.797745 1.392750 -3.048997
-2.208331 0.659428 -0.144668
-3.113976 0.893200 -1.372007
-2.608595 -2.846506 -1.545821
-2.327800 -2.562985 0.670890
-2.782779 -2.683759 -1.289675
-1.725533 0.442173 -3.214518
-0.070562 -0.658189 -1.226641
-1.118124 -3.428482 -0.375103
-1.318088 -3.211184 -1.401471
-0.931099 -3.033065 -0.625096
-0.276220 0.943687 -1.331424
0.082062 -2.060420 -2.552272
-0.607462 -0.446576 -2.480009
1.076110 0.716091 -2.831586
-1.589602 0.910962 1.113536
-2.044600 -2.704961 0.592354
0.401114 -3.363180 1.267864
-0.093101 1.518959 -0.099091
-2.188107 -2.987489 -0.869331
-1.315328 -2.948008 -2.289556
-0.214405 -1.471734 -2.012888
-0.761497 -3.192277 -2.481766
-2.970482 0.868087 -0.375020
0.193055 -0.482527 -0.646254
-0.094303 -2.355187 -1.304165
-2.555923 -2.488261 1.714859
-0.280846 -1.568636 0.571049
-1.895571 -2.909811 -2.452100
-1.660103 0.174710 0.525409
0.036262 -2.947072 -2.576554
-2.729444 -0.512072 -2.851930
-0.878596 -3.074658 -2.578120
-0.365606 0.551190 -2.854486
-1.292010 -1.022138 -2.228485
-1.930438 -2.471704 0.457212
-0.190845 -1.574249 -2.226074
-1.514732 -3.109272 -1.502847
-2.747275 -2.929216 0.835425
-2.936140 -2.261970 -2.100675
-2.520890 -2.350846 -2.002847
-2.601832 -2.677536 1.468349
-1.610852 0.617086 -1.724508
-0.441988 0.412334 -1.681101
-2.259285 0.654202 -2.730306
1.312082 -2.658746 -0.154403
-1.674917 -1.901945 -0.551410
-1.649784 -2.060591 0.640162
0.855005 0.168440 -2.626670
-2.754554 -1.643352 -0.413913
-0.723177 -1.221116 -1.487194
-1.174735 0.941197 -1.058939
-1.245490 -2.399117 -2.811798
-3.106730 -2.808913 1.949352
0.074840 -1.128947 -0.456325
1.259971 -2.632406 -0.894470
-2.104836 -2.931291 1.382416
-0.047186 -1.324228 1.262548
-0.915346 0.393071 1.288002
-0.031478 -2.690593 0.425731
-1.167985 -1.688597 -2.166990
1.363629 -3.021443 -0.144165
-0.540139 0.450368 -1.291799
-1.880792 -2.534168 0.838103
-2.449000 -3.037274 -2.575779
-1.524660 -0.083313 -1.984649
-0.749273 1.193213 0.428991
-1.298607 -1.598376 0.735968
-1.171864 0.645460 0.740797
1.563656 -1.207821 -0.964041
-1.875485 -1.734625 1.958460
-1.329862 -1.335251 1.905130
0.113464 1.719209 1.863465
0.124800 -2.453816 1.952300
-1.190500 -0.664821 1.585469
-1.881137 -0.954802 1.694303
0.637618 -2.976718 1.753967
-1.517593 1.605423 -1.068874
1.670315 -2.558485 -0.038046
1.495730 -1.925879 1.042779
0.859525 -0.818977 -1.897757
-0.940528 -1.654815 -2.348441
-1.247073 0.529860 -0.880628
-2.213666 -1.989533 -1.727206
-0.025683 -0.839305 1.795094
-0.128197 -2.226308 0.938684
1.901806 1.036960 1.320472
0.118315 -2.602760 0.670257
-2.119670 -1.626467 -0.311964
0.861378 -0.318344 -2.261418
1.462991 -0.704817 1.201861
-2.363960 -1.294451 2.169611
-1.960407 1.281428 2.392853
-2.304848 -2.398683 -1.311409
1.179782 1.098132 -2.184954
-1.231146 -1.593444 -1.614736
0.787010 -0.077062 -2.222320
-0.551906 -2.293604 -0.788122
-1.786726 -0.320156 1.641250
-1.222432 -0.720654 -0.625248
-0.176221 -2.494101 -1.818454
1.049001 -2.940008 0.858305
-0.140649 -2.117795 1.803127
1.375471 -0.179205 0.236216
0.290342 -1.291379 -2.296576
2.196724 0.891528 1.359041
1.575353 0.076681 0.592559
-1.170018 0.516842 1.927066
1.509243 -0.000810 -0.561953
0.547373 1.616876 -0.080979
-2.308867 -1.636728 0.841434
-1.408737 0.442482 -0.362127
-2.286852 -1.911344 1.423616
-1.107476 -1.696105 -1.707753
-1.932613 -1.448304 -1.442239
1.871504 1.022976 1.730072
1.882732 -1.772446 1.323654
-0.830157 -1.483147 2.571424
0.822556 1.086468 0.964921
0.465158 -0.263716 0.684648
-0.375647 0.560432 0.522558
1.850446 -1.974236 2.575741
1.934120 -1.103555 -1.936938
0.452202 -0.467708 0.349699
-0.597220 -1.346356 -2.271179
1.953353 -0.187499 -1.237573
-2.269078 -1.957138 -1.598483
-0.189013 -0.502272 -0.714409
1.289653 -1.757650 0.690717
-0.000801 -0.196768 0.310226
-0.956261 -1.228882 0.440719
-1.692726 -1.216493 2.638194
-1.294697 -2.619600 0.065153
1.112345 -1.943305 -2.065981
0.238862 -1.922089 -0.353313
0.042842 2.214735 1.929876
2.282822 0.825151 -1.892805
-1.457705 -0.381931 -0.188006
2.047261 -2.189511 -0.974724
-1.173385 0.252262 0.219508
0.450052 1.374689 -1.665285
-0.834099 1.407549 -2.151428
-0.087187 0.728480 -0.719779
2.000002 -0.671719 0.688553
0.111112 0.172588 -1.863793
-0.970192 2.339961 2.724209
1.862780 1.857271 2.195560
1.793879 -1.619357 1.052857
-1.425061 1.975512 2.109571
0.952203 -1.949055 -0.826603
-1.892543 -0.934123 -1.903799
0.894200 -2.369692 -1.479517
-1.796068 -1.433762 2.391245
-2.311136 -1.765406 -1.743297
-0.615749 -1.520558 0.730574
1.193093 -2.130217 0.739857
1.373246 0.586700 2.812466
-0.517112 1.446115 -0.288948
-1.114483 -1.425972 2.093616
-0.354668 1.752249 -1.112327
-0.594520 0.171549 1.372097
1.446035 -1.145557 2.055025
1.624606 -1.005277 -0.867188
-1.544878 -1.402892 -0.660329
-0.599387 -1.352635 0.112319
-0.400411 0.650738 -1.128392
-0.663501 1.790471 2.865116
1.790260 2.525538 2.052699
2.382151 2.388884 0.937346
1.473392 0.657061 1.148569
1.553740 1.950892 2.128144
-1.953926 2.353718 0.370695
2.466485 0.422162 0.193202
2.000258 -0.105035 -1.942345
2.081016 0.187762 0.097085
-1.481514 -2.236661 0.640369
1.999572 1.606656 0.859362
-1.286486 1.711414 -0.247369
-1.920272 -1.748117 -1.482981
-1.222577 1.626533 -0.756087
-1.780034 -1.594386 -0.040420
1.512909 -0.657038 2.947064
0.099783 1.297277 -0.358052
0.902460 -2.054315 0.167581
-0.239023 1.622013 2.405984
1.707330 -1.441241 -1.024844
0.348577 0.407822 1.585829
-0.165483 0.839919 -0.342903
1.524534 -1.421510 1.114805
-1.389831 1.475493 -1.825678
2.896958 2.525940 -1.864280
-0.960428 -0.614208 2.647384
1.749551 -2.207862 -1.070970
2.385010 -0.460456 0.398814
2.802270 0.970695 -1.718489
1.711509 -1.907597 -0.830654
-1.541534 2.353377 -1.429347
-1.933756 0.083177 1.039703
2.527501 -1.870034 -0.269272
1.711150 0.418255 -1.296354
-1.193675 -0.228007 1.973067
0.070224 2.422629 2.831175
1.233933 -0.762353 1.799550
-0.792540 -1.974707 -1.085710
-0.412034 2.212925 0.184504
1.825450 1.637544 -0.640307
0.478775 -0.838682 0.585105
2.563905 -1.517034 2.265286
0.070839 2.373485 -1.239762
0.734852 1.294425 -0.873420
-0.327424 -1.047627 0.167962
-1.083044 0.663224 1.868151
3.003749 -1.484985 0.237739
-0.509139 -1.396612 1.943496
2.683452 -0.099754 2.072227
2.734066 -2.057585 -0.287885
-0.687432 -0.068199 2.163011
1.405524 2.223565 0.457593
-1.458133 2.202545 1.804183
-0.785879 -0.696539 -1.820825
2.264783 2.351312 0.861570
0.797355 -0.678903 -0.010133
1.150541 2.399401 1.154381
-1.689276 0.753469 1.908671
1.101135 -1.198929 1.763898
0.786226 1.784070 -0.543907
-0.940661 -0.974481 2.851911
-1.575139 -0.417033 -0.237964
1.554289 0.007707 1.219768
0.098508 -1.035210 2.753792
1.071520 -1.014789 2.776610
0.311078 0.423736 1.484875
3.079242 -0.637613 0.600355
1.576417 -0.470432 -1.424363
2.611197 0.856874 1.285635
1.130944 -1.683807 2.941219
-1.458021 0.315263 2.177370
-1.614552 -1.692142 0.216694
-1.167110 -0.924647 -0.911740
-0.153919 1.962721 2.526831
0.039258 0.819538 2.796775
2.547102 2.470619 2.281037
2.759049 -1.377757 0.717777
-1.814762 -1.198474 3.052117
-1.694453 0.279533 -1.383262
0.845263 0.082462 2.322280
-0.645611 -0.197188 0.800244
-0.190577 2.711083 2.895133
-0.825595 0.260689 -1.781702
2.371865 1.386775 -1.780555
3.012802 2.800341 -0.794427
-1.448284 2.111887 1.110683
-1.845892 -0.557087 -0.833725
-1.663023 -0.542581 1.015348
-1.650353 1.875370 -0.050560
1.243483 1.934146 -1.454055
-0.073384 2.174741 2.233792
-0.884451 -1.587349 0.128986
1.285281 -0.382121 -1.249470
1.485315 -0.269420 0.529845
0.683282 -1.465439 -0.764305
-0.092849 -1.282221 2.322683
2.554291 2.065450 -0.951700
0.256443 2.166961 -0.666363
2.711758 2.924822 1.032532
-0.659804 -0.491875 -1.578276
0.315548 0.142846 1.082361
-1.510185 -0.999018 1.616943
1.738918 2.423769 1.176464
-0.871440 -0.770219 0.543967
2.333119 1.168709 -0.977581
-0.813883 1.095392 2.359376
0.475052 -1.577305 -1.601747
-1.680595 2.227414 0.889082
2.764533 0.705586 2.344238
1.686368 -0.710399 1.867600
3.055979 -1.556931 0.384292
2.681747 1.648865 0.366750
2.723339 1.804972 1.218615
-0.944503 -0.347700 -1.289616
-1.856745 1.417392 2.762392
0.853856 -1.157844 -0.447368
-1.305456 -1.129175 -0.197701
0.879069 0.415007 0.794504
3.044575 0.192167 -0.617800
2.081032 -1.368574 -1.722932
-1.391085 -1.638898 -0.922096
1.845103 -0.810790 -1.064649
2.705629 3.158133 2.842235
0.499996 -1.731131 2.535058
-1.787513 1.459091 1.436244
-1.615591 1.976731 -1.913594
2.952094 -0.638480 0.520979
-1.686585 -0.791962 -1.726391
2.301550 0.992266 2.428167
0.468168 3.113974 2.656720
-0.866575 1.546475 -0.645648
-1.390463 1.281295 -1.440052
2.930006 -0.092066 -1.730488
-0.880035 -0.887559 -0.778472
1.836408 -1.617073 -0.962960
-1.228752 -1.488660 -1.756442
1.206896 -1.711939 1.185066
1.919750 3.133928 -2.086935
1.524912 -0.023896 -1.052941
-0.764279 -0.098587 0.002554
-0.431483 -0.527798 0.259047
0.177065 -1.216779 0.109533
1.147818 1.924952 1.244024
2.736996 -1.248472 -1.676503
1.651694 1.876682 2.279487
-0.252789 0.002028 -0.890037
-1.716009 -0.669837 -0.929050
-0.705685 -0.936275 -0.977061
1.390399 2.373708 -0.846561
-0.294424 -0.755455 0.981949
2.732634 2.711344 1.666968
0.036646 1.018216 1.956981
0.500636 -0.774595 -1.105985
2.895580 -1.156479 -1.211437
-1.309519 0.341064 0.806125
0.062253 2.845245 -0.585754
-1.067568 3.137766 -1.625093
2.859168 2.258026 -0.254962
-0.956478 0.071629 -1.581389
-1.516973 -0.063164 1.445363
1.738343 1.275871 -0.938542
2.281651 1.913889 -2.119440
-1.696551 0.642889 -2.137832
2.894293 2.880290 0.857529
1.610558 1.214223 -1.145838
-0.879685 0.008640 2.538303
1.048563 -0.179960 2.358451
-1.769196 1.065424 0.038106
-0.617738 -0.777358 -2.117062
-0.765607 1.752598 1.822995
-1.329411 -0.215115 -0.931303
0.264961 0.962910 -2.067874
-0.257694 -0.170128 -1.691911
0.235626 1.635272 -1.047911
-1.421723 0.795449 -1.087648
1.544560 0.205257 -1.481593
-0.761807 0.833388 2.627700
-1.017940 1.797691 1.904136
1.528381 1.207861 -1.043335
1.553978 1.255888 2.425029
2.765743 -0.669617 1.331687
-0.508529 -0.836249 1.070948
1.065104 1.626593 -1.615654
1.247165 1.048993 -0.583687
-0.776169 1.874613 1.690788
-0.073574 -0.364708 1.102834
-0.411531 1.118612 -1.812124
2.072087 1.644994 -2.292921
2.622155 2.026517 0.816782
-1.470285 -1.298009 2.221038
2.206769 -0.885586 -0.502149
-1.670156 -1.628542 -1.985076
2.480889 2.914762 -0.928621
-1.309547 2.128129 1.284672
2.767975 -0.786271 -1.842034
2.263539 1.114960 1.655440
1.903108 -0.103907 -2.022947
-1.545314 1.565630 -1.237691
2.612714 1.844122 1.240760
0.161775 2.773574 0.234210
-0.844657 -0.867514 1.773727
2.127380 -0.386072 -2.069740
-1.336039 -0.685218 -0.761123
0.885601 0.873991 -1.362320
-1.016847 0.387376 -1.674684
2.117827 0.729477 0.676827
-1.567468 -1.269001 -1.648003
1.520108 1.241323 -2.252244
-1.994728 -1.131054 0.931828
-0.231952 -1.485679 1.098323
0.892367 0.975126 -1.151016
0.373982 -0.786621 1.880908
-1.798139 2.566597 0.386794
-2.230859 -1.174460 -0.386188
-1.988896 1.002155 -1.016016
-1.295557 -1.724966 0.935195
-2.182378 -1.915787 -2.369671
0.087808 2.025387 -0.606017
2.611500 0.679555 -0.959343
-1.295801 -1.920783 -0.658649
1.337839 0.801170 1.814049
-1.001456 1.553076 1.553427
-2.124949 0.794320 -1.920387
-0.202683 0.403436 -1.811514
-1.272837 2.574755 -1.784273
-1.105039 -0.949648 -0.131319
-0.478592 -1.739879 1.962166
0.119935 2.193855 1.742337
1.137665 1.417994 -2.496946
2.087332 -1.647322 0.834535
-1.596842 0.052787 0.410960
-1.713028 0.132929 -1.053746
0.180931 -1.392028 -0.303439
1.024870 2.266588 -2.246393
2.355383 1.610656 -2.286090
-1.092515 -1.796753 0.865273
-0.650459 1.858275 -1.026230
-0.955220 1.702351 0.269887
-1.609877 -1.016079 1.528195
2.592412 1.811465 -1.214493
-0.786063 -0.635471 -0.251866
1.986137 -1.977948 -1.637115
1.411313 0.900119 -0.732733
-0.539672 1.466167 -0.433038
-0.511895 0.014192 -0.718159
0.603698 -0.541255 0.958662
-1.198985 -1.927226 -1.585895
1.124046 2.070867 -1.848440
-1.988199 0.020937 -1.868364
0.754539 -1.480944 -1.971092
0.542435 -1.837853 -2.095806
-2.016596 2.670696 -2.377631
-2.211602 0.768359 0.654019
-0.430533 0.837981 -2.399943
0.207023 0.729547 1.831357
-0.980718 0.614264 -2.164118
0.312899 -2.193156 1.930265
1.779530 0.918427 1.751669
-0.735323 -1.185987 0.816093
-0.354661 0.594604 -1.223462
0.734209 -0.476702 2.184489
-2.320083 0.192400 -1.270005
-2.029619 -1.842381 -2.481431
1.669906 -0.339144 0.481224
-0.138504 1.537112 -1.654541
-1.801186 -1.618253 0.248107
0.180649 -2.117112 1.577275
-0.533001 -1.418967 -1.924037
0.083249 2.390840 -0.873102
2.140064 0.441669 0.642913
0.124944 0.776520 -1.987494
1.394909 1.245205 -1.658668
2.082903 -1.793705 -2.426574
-0.843566 -1.976996 2.526830
-0.252871 -1.720829 0.942155
-1.654773 -0.459594 -1.149865
-0.393525 2.149897 -0.284349
0.462292 2.356916 2.123242
0.909676 -2.140035 -2.008592
-0.456618 1.613342 -1.454206
1.407440 0.873966 1.727143
1.093907 2.421960 2.467301
-2.444736 0.301808 -0.240445
0.295638 0.529664 -0.534172
-0.437132 -1.483717 -0.825749
0.495777 -0.659429 -1.829548
-1.330728 -1.359179 -1.376868
-1.790072 0.748652 -2.255037
-0.375756 -2.317933 2.298943
-0.767455 -0.659942 1.831510
0.692918 -0.595411 0.020641
1.624631 -0.654381 0.072730
2.353112 -2.074790 2.103955
-0.435121 1.762770 -1.367410
-2.424031 -1.241077 -2.309093
0.689790 -2.263986 -2.203912
1.397988 -1.384771 0.442494
-2.083830 -2.237368 2.243213
-0.807899 -1.009712 -1.520018
-1.678484 -1.654366 -2.048439
1.295501 -0.724677 0.065372
-0.708996 1.521524 -1.769304
-1.282475 1.638236 -0.211465
2.451122 2.318194 -2.236749
-0.314597 0.940468 0.817426
-0.720153 2.382849 -1.023284
-2.305547 -2.358164 -1.957381
-0.221051 0.169556 -0.573885
-2.441484 -0.745176 1.236158
0.441155 -1.094357 1.824747
1.804866 -1.984988 2.581381
-1.274252 1.788965 -2.134535
-0.861852 0.544932 -1.608441
-2.011433 1.942911 -1.858837
-1.114543 -1.259592 0.339405
-2.398082 1.288457 2.033187
-1.057007 0.349630 -1.952815
-1.103272 1.335922 0.993267
-0.090879 -1.080664 1.694431
0.819171 -2.287627 1.350172
-0.743875 1.219800 1.612707
-0.275851 -0.258717 -1.926227
-0.063564 0.430545 1.737067
-0.575759 0.799321 -0.614632
1.262063 -0.048388 1.075676
-1.445869 0.813569 2.096144
1.601852 1.829654 -0.202331
-2.090707 0.010545 -1.122977
-2.408785 -1.047697 1.050620
0.007722 -1.684248 1.806496
0.466844 2.156687 -0.512344
-0.553082 -0.240306 1.541552
-1.050764 -1.625694 2.075267
-1.411971 -0.719045 0.695098
0.138700 1.082552 -0.951481
2.401589 -2.024709 -0.935629
-0.703208 0.382762 -1.338828
-1.846161 -0.919848 -1.713947
-0.012864 -0.344631 -0.089003
-0.360724 1.681851 -0.989108
0.214977 -2.484107 -0.931707
-1.357149 -0.879813 -1.143754
-0.847357 1.127322 0.154656
-0.958557 -2.004111 1.596528
-2.430094 -0.770724 1.913985
2.068883 -2.200822 -1.835056
1.306904 1.541478 0.112319
-0.990561 0.257442 -2.068724
-0.436869 0.720929 2.255644
1.516723 -1.742545 -0.659902
1.161829 1.346998 -1.748449
0.303730 -1.686781 1.915898
-1.435747 -1.742419 2.539728
-0.588105 -1.592916 0.096533
-0.342345 2.093229 -1.054688
-0.352774 0.432737 2.514645
-1.765824 -0.330882 -1.834134
-1.940764 -2.438860 -1.050454
-0.123887 -1.587988 -0.099571
-2.141596 -1.343696 -0.307819
-0.307759 0.673658 -1.233591
1.061124 1.067076 0.199114
-0.104417 1.701558 1.241457
1.074025 0.629098 -0.302553
-1.542436 0.990280 0.024874
0.001098 -0.996128 0.769668
1.060764 2.053240 -1.201496
0.015019 -1.344751 1.652267
-0.210638 -1.071603 0.655950
2.269495 -0.394356 -0.069340
-1.121362 1.148407 0.836860
-0.998549 1.238477 -0.738268
1.180799 1.505610 -1.426436
-1.381014 0.157949 -1.898786
-1.210114 1.283173 1.966984
-0.728401 1.659558 1.570103
-0.520952 0.550374 0.562808
2.472783 0.084210 0.323531
1.922043 0.002686 -0.597419
2.208085 1.107683 2.025647
-0.934547 1.637290 3.061153
2.505382 -0.778470 -0.259455
0.587370 -0.983597 0.983818
2.613211 -0.717443 -0.078286
2.606059 2.304725 2.830597
2.684636 -2.278682 0.624162
-0.845618 -1.460216 0.558299
2.085263 2.478040 -1.618404
0.138040 1.869092 -0.390856
1.576336 -2.293298 -1.463369
-0.321937 -0.940278 -0.788756
0.607402 -1.555528 2.607073
2.105328 -2.465632 2.360713
0.052190 -2.169299 -0.592057
2.217009 1.296053 -0.052337
-0.315045 -0.593469 2.369702
1.043355 1.330027 0.093728
0.311267 -1.442923 1.105183
-1.905349 1.771750 0.484980
1.977584 -1.443568 0.891754
0.361553 -0.126458 -0.763387
-1.853476 1.721165 1.654953
-0.562056 -0.153889 2.155860
1.338920 1.140785 -1.558876
2.678351 -0.317618 0.466298
2.472808 -0.625657 -1.764351
-1.122756 0.787125 -1.084976
1.981701 -0.753793 -1.335828
0.819631 2.357168 2.790739
0.023053 -2.415765 2.293615
1.912525 -1.793386 0.512031
1.167463 -0.413594 -0.940701
-1.269570 -1.299181 2.253650
1.947894 1.044242 1.288980
-0.108643 2.218678 -0.908713
1.878817 -2.130377 1.576073
-1.420225 -1.990919 1.940336
-0.708770 -0.295452 1.555577
-0.771817 1.166527 0.097795
-1.337920 2.068516 3.157164
2.189903 -2.314921 -0.160454
1.852267 -2.046328 1.255686
-1.587806 0.820734 0.927721
-1.193965 -0.727112 0.397221
-0.178640 1.332082 -1.612873
1.829563 1.897945 -1.187694
-1.551777 1.005893 -0.136730
-0.630166 -1.784575 -0.441985
1.285694 -1.195881 1.399214
2.750736 0.347757 -0.081836
-0.837429 1.032487 1.137264
0.795537 2.326726 -0.213086
0.446647 -2.288739 0.795889
-1.131772 -1.722673 1.500762
-0.781492 1.494122 -1.674340
0.559045 0.762735 2.784380
2.459291 0.062211 -1.560233
2.650748 -0.447602 1.348229
2.300965 0.930752 -1.526079
-1.507630 1.425981 2.923727
0.614740 1.909737 3.000927
-0.282088 -0.361375 0.436988
0.226727 -0.377580 -1.417969
-1.836373 -1.554342 3.119896
-1.438655 1.993515 2.705674
0.661021 -0.140606 2.573344
-0.906406 -1.358159 -1.499361
0.809248 -2.152783 -1.674137
0.698277 -1.038314 2.852551
-1.689697 2.077139 1.071345
-1.889217 -2.102889 1.371530
-1.400744 0.556105 1.634083
1.522717 1.257102 -0.518392
-1.133972 -0.136379 0.967519
-0.242059 -1.645865 1.635936
1.080604 1.380702 0.961520
1.838316 -2.048735 1.928607
2.413976 -1.332659 -1.190916
-1.545633 1.116980 -1.089407
-1.745608 -0.348913 3.118796
0.500363 2.336205 1.051889
0.026277 0.910332 0.112371
-0.908866 1.835469 -0.084256
-0.604209 -1.034961 2.110639
2.593560 0.127687 -0.286153
0.853673 -0.245736 -1.673840
-0.646147 2.695921 -0.512297
-0.073580 -2.086998 -0.764067
1.547472 2.662085 -1.138364
-1.865966 -1.915663 0.790080
-0.026503 -0.416491 0.605739
-1.580104 -0.402316 -1.300711
1.194730 -1.469640 2.318729
2.307358 -0.619376 -0.677565
2.634336 -0.755615 1.552396
1.255628 1.767972 -0.783338
-1.033100 0.222226 -0.642703
-0.512672 1.406390 -0.302414
1.153186 0.790049 3.153767
2.326472 1.381702 0.614841
-1.622411 1.478776 0.256837
-0.477313 1.538349 1.338307
-1.018628 1.947553 -1.111443
-1.112610 -1.544263 2.825069
-1.269140 2.129293 -0.736647
1.162741 2.496397 -1.610657
0.999920 2.039531 2.033382
0.111110 2.720103 0.847111
-0.001074 -1.198866 1.588686
-0.611743 -0.568296 -0.017741
-0.992288 1.754232 1.345178
1.576910 -1.592261 0.778100
1.664246 -1.808760 0.763367
2.405001 -1.224776 -0.336466
1.232599 0.074208 -0.022671
1.628232 1.911162 1.017845
-0.630222 0.460555 -0.369568
0.311253 1.574509 0.005579
1.041550 0.238835 -0.248629
1.890441 -1.714735 -1.819580
1.410987 0.166020 2.798423
-1.426157 -0.710782 2.224710
-1.209194 0.790983 0.996449
2.684005 -1.955144 2.018284
1.599683 -1.578279 2.007096
2.000087 -1.297727 1.301391
1.515248 -1.753562 -0.529693
-1.543205 1.520259 0.262481
-1.032179 -0.763428 -0.311868
3.088306 -0.254825 -1.489133
1.402266 1.847464 1.037952
-1.231797 -1.943255 -1.973986
-0.017489 0.383782 1.284573
2.683557 -0.054976 0.678997
-0.558139 -0.048247 -1.984071
-0.158599 1.532186 -1.355271
-1.710648 1.604581 -0.723555
0.285212 0.050439 2.123578
2.107859 -1.408896 1.259364
-1.390839 -0.348960 -1.904902
-0.748251 -0.930719 -0.986013
2.964247 -1.167018 0.731297
-1.774848 2.410140 -1.849470
2.896838 2.760799 2.141734
-1.077682 -1.512640 -0.735730
-1.161401 -1.651142 2.364245
-0.419910 1.056820 -0.751860
-1.851198 2.660284 1.714061
-1.183010 2.478736 -2.102536
-1.676203 -1.271394 2.258217
1.461084 2.447322 1.824216
0.954633 -0.954798 0.161515
2.400163 -0.512072 2.108064
1.364533 0.412923 -1.460737
0.823330 -0.407477 -1.413350
2.695035 2.064072 0.007473
2.396418 2.716296 2.200844
-1.883408 0.482902 2.527581
-1.487575 1.913237 2.354167
2.622667 0.236518 2.223197
-0.896748 2.707638 -1.033309
2.077871 -1.768087 1.808094
2.172835 -1.290475 -1.097036
1.069207 0.704579 0.249282
3.061342 2.281551 -0.149082
-0.230016 0.277959 -0.085384
1.502771 2.395890 -1.162552
-1.774965 -1.849693 -1.225232
3.059689 1.008465 1.193664
2.437512 2.431161 1.184207
-1.326256 0.953294 -1.181291
0.868922 1.889128 1.785890
0.733398 2.949818 1.786487
1.217671 0.274864 2.292504
0.970245 -0.039236 0.713447
2.663058 -0.284136 -1.627420
-1.679881 -0.062485 -0.820178
2.911366 0.250566 1.382932
1.206976 2.662117 -0.077277
-0.506227 0.762567 -1.593616
1.858390 -0.608983 1.840456
-1.671943 0.020864 -0.609418
-1.604362 0.220643 2.552187
1.931100 1.026181 -1.165694
-0.954956 0.127993 0.169837
-1.928130 -1.875938 -1.822114
1.062112 -1.364439 0.512919
-0.690231 -0.873511 0.224938
0.303844 2.731346 -2.323555
-1.820949 2.605247 -1.213065
-0.609426 0.566984 0.902406
-1.381178 -0.743448 0.292378
-1.866011 2.034546 -1.734654
-0.194909 1.934899 -1.250208
-1.546985 0.655086 -0.475263
-0.218632 0.229784 1.870201
-0.851997 0.748690 0.800654
2.764664 1.221700 1.182630
0.455466 0.318427 -0.969880
-1.796738 2.912994 -2.206397
-0.397510 1.033645 0.974102
1.486064 -1.169017 1.440116
-0.367143 2.910113 -2.364358
0.958976 1.358150 1.698160
-1.843339 -1.425835 -0.773292
-1.802692 1.781043 -0.854186
0.327822 1.604964 -2.127142
1.338262 -0.636390 2.234022
1.327050 0.410582 -1.012763
0.398446 2.766867 -2.518679
-1.029174 1.651632 1.307911
0.259537 -1.354895 -1.446389
2.414368 1.586313 1.156222
-1.037518 -0.330832 0.135464
-0.071214 -0.439945 0.220884
-1.903049 -1.252734 -2.707622
-1.657181 -0.786691 0.639249
-1.125872 0.612774 1.923157
-0.014240 2.142726 2.163875
-0.770430 -0.808533 0.729587
0.415646 0.947842 0.502345
-0.095246 1.810532 -0.489110
1.701307 0.418143 -1.345022
-1.728193 -0.515324 -1.318389
1.550208 1.677829 -0.791854
0.219992 0.249806 1.391288
1.653895 -0.916574 1.244193
-1.982714 -1.096974 1.285611
-1.966968 0.590168 -2.312015
0.876729 -1.439268 -2.580588
2.440560 1.357235 -0.654104
-0.818120 1.190719 -0.532107
-1.470728 0.867052 -2.565030
1.265046 -1.473542 -2.720976
-1.090936 2.068211 -1.649824
2.632761 -1.821803 0.241515
-1.730325 0.582257 -2.183182
0.386222 -1.142546 0.042891
0.111039 -1.082678 1.342354
-0.038316 -0.096522 0.304610
1.927565 1.329831 -1.207022
0.444674 -0.986089 -2.893698
0.500368 -1.597487 -1.832999
1.202953 2.680537 -1.290123
1.676160 0.435493 0.616612
1.622713 -0.799560 -0.447439
-0.081741 -1.243130 -2.043473
1.019298 0.837280 -1.833488
-2.078670 2.002672 -1.793985
2.040373 2.151900 0.505579
0.656887 -0.956646 -2.900181
-0.601635 -0.933602 -1.992423
0.962320 2.870868 -0.947086
0.197752 1.919266 -1.240169
0.903210 2.150438 -1.252430
1.242611 1.601728 1.577610
-0.025075 -1.506473 1.109077
0.285701 -0.904333 0.928735
-1.303882 0.301178 -0.617336
-0.017652 -0.420393 -2.138418
-0.751850 1.224971 0.754138
-0.417168 -1.787361 -2.037610
0.998721 -1.576506 -2.419481
-2.512126 -1.530543 -0.990456
-1.511368 1.675014 -0.880990
1.611758 -1.016275 -1.570615
-0.783368 -0.154072 -0.008776
-1.466755 -1.778060 -2.776614
0.653856 -1.356694 1.470764
0.074095 -0.498031 -1.987194
-2.342035 0.696027 -0.495136
-1.653664 1.957069 1.657446
1.999952 0.201600 -3.000155
-2.164922 1.564491 -0.473531
1.892719 -1.969756 -3.082677
-2.603622 1.288861 1.423909
0.680663 -1.669969 -2.966237
1.617460 2.113642 -0.671778
1.473862 0.644426 -2.486260
-0.901231 2.613196 0.367785
-2.247991 -1.973082 -2.069420
-2.008645 -0.708170 -1.247090
1.901219 0.269685 -0.139153
-2.761400 0.212985 1.133892
1.990502 1.668231 -0.164455
-1.351539 0.025335 -1.708087
-2.791076 -0.076076 -0.838692
1.217850 2.554614 -3.183343
-2.035664 1.548151 -1.606838
1.731835 2.493686 0.330842
-1.878653 2.495173 -3.218042
-0.353608 0.698109 -0.512228
-1.602034 2.319996 -1.118302
0.407569 -1.500166 -0.183764
0.079282 -0.856997 -2.774747
-2.335535 0.198225 -1.716928
0.236568 0.767068 0.965524
-1.697068 -1.167468 -2.309950
-0.316428 -0.078169 -3.233884
-0.939123 2.076397 0.262332
-2.378591 1.966167 -1.972630
-2.118395 1.232402 -0.149894
-0.431970 -1.518157 -2.276835
-2.416742 -1.430951 1.433487
-0.001256 0.176930 0.713717
-0.859496 0.132106 -2.139375
-2.711944 -1.474070 -3.353472
-1.603029 -2.422654 1.251096
-2.431010 2.304181 -2.156077
-1.742146 -0.453226 -0.566910
1.567020 1.193006 -2.603738
-2.941566 -0.117433 -1.498957
-2.588200 -2.350837 -2.950308
1.906753 0.710700 -2.737941
1.828219 1.135229 -0.361544
-2.399308 -2.183736 -3.303665
1.232254 2.315762 0.623368
-1.744134 1.657225 -2.644968
-0.161465 -2.116340 -1.302688
0.222641 1.367618 -0.412005
-0.336101 1.656015 -2.839054
-2.121950 0.428454 -0.727286
0.970898 1.493814 -1.804165
-0.694192 0.534150 0.573071
-2.329459 -1.601137 -2.359614
1.513110 1.312645 -1.422096
0.858418 -1.844971 0.142455
-0.512415 -0.253219 -1.338358
0.386443 -1.274349 -1.240722
-2.152788 -1.310124 -1.108867
-0.204380 -2.406767 0.924352
0.805491 0.260933 -2.580126
-2.462573 -0.997545 -1.561134
0.569024 2.340945 -1.485894
-0.060321 1.202090 0.628569
0.490049 -1.205965 1.237720
0.332088 -2.223042 -1.224385
-2.253702 -1.888137 -0.403749
-2.569631 1.090957 -0.294190
0.096184 1.345752 -3.153871
0.237517 -2.329954 0.366474
-1.757755 1.080630 -2.981755
-2.541861 -0.131580 -1.221830
0.345987 -2.666502 0.751098
-1.152083 -2.208925 -0.002371
1.692465 -1.945063 -0.135629
-2.760900 0.359013 -3.212840
-1.102300 -1.418700 -0.398157
-2.069875 -2.093332 -1.392957
0.502743 -1.803455 1.485969
-2.639945 0.240932 0.920117
-3.293936 0.028834 -2.657014
-0.596055 -1.015362 -0.872509
-1.754652 0.776445 -1.448980
-1.938227 -0.799746 -2.141427
-1.051309 -1.704620 1.236249
-0.162262 0.152840 0.620692
-0.512701 -1.695834 0.604886
0.662489 0.716327 -3.046656
1.218619 -0.035837 1.081108
-1.595728 -0.296498 0.760394
-2.599551 1.201846 1.171703
-0.369630 1.092543 0.835888
-2.011821 1.737122 -0.604916
1.540701 0.714242 -0.188522
-0.045911 -1.747876 -2.071014
-2.463563 -0.263095 -3.093434
1.357880 -2.465293 -1.977768
-2.199080 -0.033469 0.777480
-1.484943 -1.731622 1.411312
0.981662 -0.961188 -3.085491
-3.036877 0.781147 -1.602279
-2.975174 -0.350895 -2.462002
-1.727447 -0.398429 -1.346205
0.760306 -0.150958 -1.962389
-1.741290 0.140000 -2.487323
-1.947661 -1.885476 -2.285086
1.474765 -2.235453 -2.389136
-2.783784 -1.882922 -0.862668
-0.425307 -1.201336 -1.977676
0.908348 -0.779145 -2.510055
0.442950 1.135436 -1.234478
-2.275592 0.514231 -2.332646
-2.782388 -1.542153 -2.349501
1.416341 -0.746028 -1.154839
0.918375 -1.596248 1.156034
-0.943989 -0.756431 -2.161527
0.164658 1.117620 0.790250
-0.688465 -1.900239 -3.016832
-2.681919 -2.842259 -1.592144
-3.363357 1.311497 -1.878278
0.871231 1.681764 0.535103
-0.072351 -0.354868 -2.352669
1.218840 -2.956556 -0.878232
-1.363443 -2.437733 -2.220781
-2.677138 -0.584192 -2.010346
-3.051099 -2.897045 0.413706
-2.253278 -0.833718 -1.198195
-2.845850 0.450615 -1.953957
0.830310 -0.140936 -1.400112
0.469915 -2.224926 -2.295474
0.226886 -0.270318 0.699005
0.405590 -0.988088 -2.768421
-3.050473 0.904269 0.869241
-2.794220 -1.829922 1.004232
-2.485804 0.095254 1.028491
-1.811896 -1.929850 -2.302464
1.048160 0.541356 -2.613083
0.210325 1.415401 -0.259956
-0.427054 -0.562803 0.554370
-2.462407 -3.230992 -2.061297
0.891464 0.879677 -1.489109
-1.622789 -3.077201 0.467976
-3.194489 -1.302795 -1.322649
-1.043164 -2.653373 0.630232
-2.371437 -2.437481 -2.604989
-0.591036 -0.486510 -2.362090
-2.453157 -2.716018 1.953224
-1.355677 0.245539 1.316559
-2.867150 0.146594 -0.760517
-2.725917 0.026859 -0.806715
-1.728790 -3.002018 -1.736273
-2.410257 -2.074045 -1.401924
1.241221 -3.214143 -2.496007
-2.213375 0.022096 -2.673109
-3.369650 1.039678 0.873836
0.045173 -1.502167 -1.712711
-0.882911 1.391953 -1.099769
-2.768276 1.135242 -0.333316
-3.251927 -2.217301 1.643144
1.292738 -2.033276 -0.193869
1.125372 1.560912 0.075090
-1.587087 -2.754866 -1.753439
-2.769453 -3.184066 0.506528
1.522775 -1.206187 1.923990
-0.362405 -2.892228 -0.392054
-2.532003 0.767610 1.701364
0.936103 -2.395869 1.331758
-0.632213 1.421412 -1.400827
-2.724087 0.015335 0.232626
0.409921 -0.418277 -2.290039
1.402128 -0.234200 0.296760
-0.290092 -2.458633 1.597183
-2.728791 1.510455 -2.668399
-2.345625 1.255195 1.589925
-0.621964 -2.072786 -0.546381
-0.006614 -0.524575 0.343262
-2.286123 -1.159295 0.808130
0.846423 -0.134171 -1.912153
1.560977 -0.568825 1.876695
1.617145 -2.890570 0.910871
-0.003740 -2.385160 -1.514302
-0.212776 -2.906298 -2.675866
-2.852367 -1.879780 -0.281781
-0.418106 -0.176586 0.086032
-0.722814 -0.676478 -2.397713
-3.042823 -2.771518 1.322495
-2.556567 0.844401 2.230421
-2.644162 -0.259356 0.394120
-2.664833 1.194008 1.525155
-1.180341 0.589576 2.124098
-2.487757 -2.669599 -1.419160
-3.104102 -1.425183 -0.961962
0.977502 -1.020191 -0.225381
-1.495584 -0.604076 -1.872204
-3.126518 0.740244 -2.026135
-3.261296 -3.248603 -2.018637
1.297197 -0.131728 1.563322
-2.432245 -1.910761 1.792731
-2.099442 0.644007 -2.466834
-1.474289 -2.669387 1.723496
1.515561 -0.396050 -1.890110
-1.782573 -2.616189 1.955271
-0.436193 -2.928805 -1.964862
-0.503796 -2.605398 1.281492
-0.702460 -0.909014 0.398158
-3.178520 -2.679037 1.938969
-2.962564 -2.837537 1.105266
1.034890 -3.145967 -1.223183
-2.894598 -3.408303 1.950308
-1.334977 -2.651884 0.463432
0.410173 -1.224488 -2.043728
-3.084233 0.797745 -0.701082
-1.822370 -0.560415 -2.046237
1.594608 1.475134 2.169964
-1.732803 -3.234107 -2.561984
-2.412850 0.611850 -1.504032
-1.471583 -3.000041 1.771268
-0.935516 -1.548352 -0.435452
0.103285 0.795277 -2.222088
-0.921404 -2.803570 -0.950741
-2.796583 -2.279894 -1.091413
0.624593 0.751027 0.391692
-2.899318 -2.502166 1.510464
-0.868640 -0.632152 2.103571
-1.558229 -1.603267 0.336737
-1.247307 -2.659859 -2.508116
-0.291991 -2.504998 -1.096788
-1.235070 -2.080976 2.289336
-1.863615 -2.894362 -1.157616
0.481878 -2.084019 1.651311
-1.590061 -2.691470 -2.252438
-0.451026 -2.832742 2.109940
-1.825485 0.205009 -1.697702
0.583621 1.022079 -0.839545
-1.129817 0.841398 -2.176247
-1.565673 -2.608397 -1.442211
-2.410913 -0.154670 -1.680558
-1.230600 -1.768742 -2.098590
-0.688985 0.618279 1.826525
-2.085610 -3.442026 0.164247
-0.913476 -1.059416 1.410280
-0.984336 -1.348785 1.590791
1.159807 -0.446631 2.332782
2.005261 1.190461 -1.239872
-2.334918 -1.430535 -0.516579
-1.141081 -2.874445 1.962628
-1.183556 0.324104 -1.902469
-1.820005 -1.267155 0.854241
-0.188934 0.444279 1.489258
1.341956 -3.238660 1.142995
0.045551 -2.137410 -0.640312
0.895752 -2.535786 1.101709
-0.528046 -2.462140 -0.820291
0.318156 -3.247973 2.199187
-0.362234 0.878650 -0.303010
1.240377 0.832958 0.872097
-0.548515 1.422948 0.174508
-2.202612 -0.967291 -0.984994
1.962087 -3.262881 2.447222
1.629178 -2.426532 0.036240
-0.362247 -0.786506 1.599061
1.378941 -3.069958 -0.677876
1.446491 -2.288199 1.900183
-2.708656 1.426569 2.219614
1.223516 0.465732 -1.544454
-1.879314 1.500414 0.222457
-2.291827 1.007571 -1.862942
-1.695671 0.907827 -0.526618
1.103271 -2.897293 -1.099777
-1.620090 -1.154964 2.247461
-0.109455 0.143384 2.119676
-0.613325 -2.920749 2.006370
1.133922 -1.375964 -2.336307
-0.835352 1.241893 -1.559570
-1.059552 -2.875690 -0.178874
0.475536 -2.252182 -1.528852
-0.777804 -2.491115 -0.568371
-0.839733 1.273944 -0.794912
-0.254110 -3.294388 -2.121559
-1.505558 -3.312278 0.586337
1.778487 -0.591151 2.349711
0.218082 0.091827 -0.352292
2.040109 0.712728 1.217268
1.839112 1.416953 0.954017
1.320608 -2.088306 -0.227755
0.728595 -2.498049 -0.183047
1.255509 -3.271184 1.833953
2.290411 -2.745530 -1.261316
-1.795720 0.971187 1.399833
0.034613 -2.731037 0.277402
0.691516 -2.923126 -0.836593
0.332910 -1.773200 1.126391
0.922170 1.250196 2.064801
1.559739 -2.904352 -1.005483
1.798075 -1.117339 0.723383
-0.886976 -0.808717 1.016865
-1.381394 -1.234066 0.843923
1.018898 1.135262 0.773117
-2.283360 0.251398 1.699811
1.483591 -2.247791 1.445642
-0.163818 1.175773 0.682500
1.773018 -2.075788 0.113146
1.004807 -1.572800 -1.902279
-1.319351 -3.165976 -2.051302
0.446314 -2.295369 -1.369905
-0.231070 -2.349214 -1.788079
1.600005 0.961852 -2.271469
-1.388511 0.459118 -1.910313
-0.270634 -1.935652 -2.009454
-0.550882 0.795671 2.447756
1.269383 -2.302896 -1.116850
1.915744 -0.654915 0.240323
1.128242 1.712585 -0.084253
0.239334 -2.704367 -1.358546
-2.230892 -3.047829 0.139034
0.439611 -1.980228 0.003149
-2.077946 -2.265591 -1.302294
1.145436 -1.731421 0.983704
-0.141396 -2.750824 -0.041818
1.198393 -2.435104 -0.905405
1.017514 0.560518 -0.017469
1.280620 -1.140853 -1.342047
-1.173791 0.687783 1.260361
1.431840 0.254080 -1.520862
0.392407 -2.233594 1.345361
2.273417 -0.632422 0.194703
-0.360655 -1.915361 -2.174847
-0.551375 -2.684742 -1.938508
-1.589982 -2.036524 -1.428753
2.242095 -1.744833 2.311442
-1.946771 0.685657 1.646847
0.555020 0.214910 -1.996466
-0.389950 0.271931 0.163373
-2.108211 0.062699 -1.079474
-1.496100 -1.199968 -0.063075
0.952720 -1.260390 -0.330861
2.571353 0.405905 -0.179269
-0.578856 0.680315 -2.520550
0.940274 -0.943241 1.629086
1.891781 -0.904420 -0.357386
0.384192 -1.275937 -1.209855
0.383541 -0.509267 -1.871375
-2.116062 0.242071 -0.660897
-0.942484 -1.136399 -1.023008
-0.929074 0.795649 -0.065683
0.364940 0.169357 -1.744835
-0.738433 1.772429 -0.816610
2.606524 -2.127490 0.144061
1.869809 -0.157403 -0.832815
1.065402 -0.775176 1.142408
-1.808601 -1.778087 2.199458
-1.149701 -2.766362 -1.738863
0.065122 -2.494141 2.065802
0.392505 0.434219 -1.995371
1.127868 -1.790421 0.265953
1.606339 -1.240852 1.933905
2.140389 -1.555646 0.797527
0.679567 -1.972601 1.605442
0.515254 1.294744 -1.481257
-0.609804 -1.054737 -0.926862
0.028893 0.403930 -2.185771
-0.349039 2.017259 -2.565477
-0.349451 -2.348772 -2.082098
1.152960 0.481668 1.933781
2.527301 -1.413225 -0.186132
-1.173807 -0.829927 -1.820336
-0.293252 0.317442 1.530554
2.588061 -1.507776 -1.069647
1.696880 -2.673460 1.472762
2.605114 0.339801 1.791568
2.237022 1.854810 1.809189
2.623987 -2.328466 -1.148859
0.048103 0.842764 -1.897536
0.392199 -1.917011 -0.583210
0.606834 -0.161079 -1.627046
0.637388 0.316021 -1.552522
-1.801633 0.839209 1.097828
-2.264733 -1.387436 -1.331458
-1.988029 -0.620953 1.897148
-1.271666 1.982194 -1.252973
-1.874998 -1.511535 -1.807698
0.306092 -2.291792 -1.542399
1.166334 2.006013 1.699845
-0.683956 -0.453401 1.728774
-0.939266 1.859177 -2.275292
-0.485095 -1.162253 2.059150
-0.636443 1.468307 -2.358901
0.893400 -2.378559 -1.826509
2.453476 -0.650532 -0.248530
1.303574 0.590994 -2.257548
2.405594 1.711994 1.044456
-0.322421 2.093467 0.974989
0.939990 -2.206599 -0.451443
-2.261082 -0.674145 -0.692895
2.015718 1.419732 -0.510272
-0.706055 0.981069 1.093389
2.322599 0.375866 -1.698910
-2.178056 0.970484 -1.677530
1.686629 -2.186493 1.976945
2.176153 -0.750069 -0.625979
-1.757981 -0.937745 1.149201
2.273229 2.110976 -1.232010
-0.620217 -1.051102 -1.638422
-0.112731 2.125773 -2.688282
-0.228264 -1.486558 -2.330943
-0.623380 1.150243 -1.940224
-1.477678 -1.463898 -2.164043
0.256375 -1.845153 -2.239237
-0.054718 -2.071023 0.753698
2.201052 -1.618507 -1.979294
2.455307 -1.878503 1.460729
2.346268 -0.931035 0.878821
-1.256525 -0.091071 0.841389
2.699666 -0.032622 1.973474
-1.689658 1.456315 -2.211926
1.661277 -1.681459 -1.639032
-2.204608 1.993422 -2.022368
-0.801854 1.950981 0.997722
-1.693232 1.458411 -1.403538
2.402257 -1.939289 -1.061644
-0.470821 0.217170 -1.089962
-0.381881 1.211378 -1.440594
1.957957 -1.344751 -1.457305
-0.049646 0.439412 1.457616
-1.342032 0.734310 -0.419009
-1.684689 0.675412 -2.003015
-1.325540 0.771070 1.629031
2.302334 1.169190 -1.497259
0.468354 -1.559308 -2.366523
0.882823 0.770131 -1.631710
-0.206067 0.720420 1.402407
2.552436 -2.157936 -2.024297
-0.617420 1.082913 0.262509
2.543213 1.185245 -0.364665
1.184444 -1.113139 0.230048
1.919706 -1.575838 -1.695228
0.239771 0.413895 0.962222
-0.824598 0.607496 -0.711303
0.237437 0.265812 -2.151713
-0.291060 1.360445 -2.876636
2.106932 -1.015439 -2.422038
-0.991086 1.950660 -2.463918
-2.257614 -1.671258 -0.466277
-2.023698 1.401855 -0.810428
-0.279821 -1.387102 -2.682493
0.398604 2.495394 -2.735742
0.761824 -0.878221 0.436143
2.187964 1.526007 -0.590771
0.106828 0.867881 -2.814364
1.893368 -1.539601 0.295493
-1.398800 -2.123797 -2.010509
-0.536354 2.203009 -2.230878
-2.351053 0.194243 -1.701288
1.582304 -0.472664 -1.537881
1.436342 0.112642 1.717007
-1.483899 -1.225732 0.024736
1.355853 2.710876 -0.812512
-1.883662 1.227039 0.536063
-1.327928 1.707093 -1.607114
-1.305701 -1.603870 -0.547768
1.616737 -1.460352 0.561496
2.309447 1.983131 0.977414
-1.228650 -1.509959 -0.567680
1.797417 2.814770 -2.469641
2.454097 -1.929857 -0.439081
-1.881728 -1.733001 1.896504
1.688442 -1.777664 -2.087388
0.235426 2.073238 -2.183918
2.327374 0.339476 -1.227731
0.431016 -0.692815 1.422547
1.063654 0.137877 -1.703651
-1.401712 1.123550 -2.542325
-1.294325 -0.790541 1.485298
1.918918 -0.694860 0.830668
0.356264 1.363776 0.832656
1.161875 -0.894216 0.959201
-2.255015 1.531275 -1.643730
-1.210803 0.996700 -0.223519
-0.933597 1.220553 -0.915210
2.106504 0.457952 -0.648019
1.446300 1.906039 -2.133800
-0.887910 -1.396038 0.764139
-1.659124 -0.543278 1.976296
-0.263529 -0.840061 1.434231
-1.906933 1.460137 -1.954310
-0.780838 2.585318 1.171173
-2.341741 2.353481 2.129680
1.463855 -0.691875 -1.509788
-1.603547 1.190251 -1.589731
-0.758850 0.306450 1.985453
-0.393544 -0.320887 -1.098589
0.179668 2.630131 -0.083163
0.353276 -1.575386 -2.499414
0.614886 -0.320921 -0.225641
-0.068001 0.077025 1.568656
1.757613 0.641454 -2.197023
-1.285029 -0.275366 -1.846916
2.207354 1.721654 -0.944096
0.407126 -1.763754 -0.161597
1.532410 0.089267 0.974997
-2.175633 0.216918 -0.132186
-2.329310 -0.794235 -2.161858
-0.016291 -0.500844 -0.411692
1.668579 2.580329 1.194867
-2.037828 2.247462 -1.570621
-2.163187 2.807941 1.288596
1.394770 -0.033657 0.418520
0.367500 2.398570 -2.092925
1.212020 -1.845695 -2.166778
2.079850 -0.534219 -0.621390
-0.038256 0.319611 1.676693
1.351378 0.201582 0.515191
-2.027458 -1.707010 2.074774
-1.549402 2.120980 -1.787691
-1.979770 1.513328 0.517032
2.358028 -2.015520 0.130451
-2.237559 1.208034 -2.175558
1.347793 -2.101407 -1.645016
-0.670817 -1.897908 1.828608
-1.646857 1.201569 0.296700
-2.478389 0.072029 2.209311
-1.758423 -0.695679 1.672265
-1.865914 -1.567278 -0.604045
-1.842825 1.828835 -2.489857
-1.097139 2.656817 -1.858498
-1.963557 2.552115 0.016826
-1.972356 1.411168 -1.735470
2.128390 2.454664 -0.194193
-1.989655 0.318302 -1.441891
-2.528593 -1.453684 -1.460930
0.146119 -1.653040 0.352093
1.595828 0.626311 -1.257737
0.302590 2.204901 1.668853
0.698451 -0.584409 -1.043775
1.094764 -0.357871 -1.156619
-1.337071 1.817664 -0.292756
-1.360718 2.606163 -0.111551
-0.941972 -1.382877 -0.650593
-1.013079 -0.269916 -0.715841
-0.853750 1.113468 0.814210
1.535597 -2.048796 -1.706852
1.328072 -1.748168 1.413718
0.147627 0.867524 -1.845496
2.227742 1.300669 -2.238155
1.372025 0.019054 -0.816792
1.628790 2.574087 0.360184
-1.812555 -2.054662 -1.204309
-0.491384 1.586577 -1.631789
0.841302 2.577806 0.368743
0.143954 1.046929 -1.859085
-0.732752 -1.327043 -0.539807
1.044187 0.262896 -0.053925
-0.018728 -0.861255 -2.064944
0.803167 -0.406157 1.105737
1.649007 -0.673490 2.279631
-2.096548 -1.477921 1.123343
2.187892 0.247191 1.525295
-2.033613 0.451734 0.930536
-1.275525 0.595308 0.636314
-1.842780 -1.386694 -0.029328
-2.524665 1.681789 1.730974
-1.410380 0.086230 1.407104
1.958475 -1.786861 2.500263
-2.538099 2.093018 -0.394547
-0.085826 -0.639720 -1.471460
-2.358391 0.136978 -1.585314
-0.591676 -1.858759 -1.201019
-1.990791 1.365613 -1.476615
0.168611 2.374478 -1.489203
-1.604527 1.747690 -1.694366
0.865431 0.397536 1.508061
1.054408 -0.662124 -2.099508
-1.953083 -1.582961 2.655868
2.184571 1.667488 1.773212
0.759768 0.271095 -1.811874
-1.205605 -0.147110 -1.497911
1.010705 0.266964 2.632022
-2.555611 -2.060256 1.791493
-1.915909 -1.559481 -1.917533
-1.608187 1.140789 2.463443
-1.468446 -1.929445 -1.735080
0.108891 0.399326 -0.506635
-1.138454 -1.899682 2.558335
1.317901 1.554058 -1.785178
-2.669828 0.099528 2.358798
0.606019 0.646983 -0.860724
-1.210563 2.051640 2.671742
-1.946052 1.071853 2.454731
0.030030 -1.627231 1.127204
-2.363400 1.196973 0.601689
-1.501073 2.683071 1.627138
0.790431 -1.943352 -1.201930
0.238612 0.951207 0.734480
0.120878 -0.854610 1.836445
-1.315705 -1.700569 0.405818
-1.016360 0.453109 2.724769
-1.434996 2.574286 -1.942785
0.868717 0.529311 2.380531
0.489607 -1.792669 2.715804
-1.967325 0.319348 0.652529
1.951420 1.921866 -1.670297
-1.032459 1.651039 -1.489918
1.807522 2.069563 1.392178
-0.456559 -0.187584 1.401374
-2.575320 1.856594 -1.456291
1.433216 0.798954 0.571359
-2.135669 -0.308681 -1.550023
-0.170476 -1.459809 -1.256439
0.276794 0.710571 -1.349390
0.321709 0.891263 -0.101129
0.116596 1.915155 -1.579636
1.464061 0.674557 2.060317
-2.125847 -1.366321 -0.312077
2.043722 -1.101607 1.971104
0.783544 0.672551 -0.434419
-1.296962 -0.901760 1.257955
-2.097538 0.093218 2.070645
2.058463 2.139211 1.685786
0.783854 -2.032018 1.257403
-0.068312 -1.312752 -0.329584
0.059804 -0.487926 -0.061625
-0.511360 -1.683352 -0.261723
-0.709951 1.873243 -0.198376
-1.453949 -2.216825 -1.287215
0.769143 -0.712675 -1.055517
-1.347584 -2.368658 0.668416
-1.148457 -2.402307 -1.638306
-2.087812 1.097551 2.707957
-2.318469 2.292785 0.242935
0.277444 -0.150954 1.422347
0.626676 1.415936 -0.538473
-2.007806 -2.405764 -0.517163
2.019281 2.214566 2.753078
-2.061063 -1.661577 -1.250754
-1.928709 -2.064137 -1.699696
0.628453 -1.191771 -1.333631
1.405311 -0.876322 1.875819
-1.317777 0.844662 -1.704898
-1.244254 1.692693 0.965360
-0.090098 -1.835197 1.277351
-2.449914 1.544419 0.983910
-1.169020 -0.541338 -1.524403
-2.335179 -0.229632 0.776951
1.386514 -1.741014 1.209596
1.197723 0.643114 1.620719
2.465940 0.933552 2.074963
1.304290 -0.088420 1.734510
-1.516069 -1.214518 0.790430
-0.274371 -2.239075 -0.560739
1.524000 -1.591838 -0.502858
0.691885 0.142910 1.252500
2.417696 2.213936 -1.488352
-2.167983 -2.307692 0.171945
-1.669534 -1.943056 -1.449641
-1.947040 -0.262721 -0.145970
2.531468 -0.767376 2.245177
0.166523 2.170350 -0.315101
0.799128 0.867122 -0.462976
-2.412800 -1.575475 -1.019951
-0.608617 0.906866 0.222527
-0.449507 -1.963696 -1.448522
-1.771251 1.605717 3.175806
2.332895 -2.054308 3.139682
-0.812778 -2.155323 -0.299142
2.177097 -1.224288 -1.437068
0.256302 1.472247 1.407681
1.920746 1.642856 1.997600
-0.034767 -1.245484 1.034916
1.331047 2.118352 -1.560308
-0.767359 1.712640 2.570745
-0.636046 1.099304 -1.496270
-0.437390 -2.469329 3.416122
1.413953 0.886375 1.221528
1.058541 0.913565 0.128582
-1.364186 -2.387406 3.382149
1.141123 -0.716324 1.037606
-0.391097 -2.249846 -1.532916
-1.303653 -1.384992 0.497188
-1.889271 -0.468848 1.596332
-2.194309 1.247487 2.819288
0.716683 -0.237622 -1.478868
-1.101310 -1.331156 0.092011
0.386227 -0.902678 -0.264817
1.446257 -1.542167 2.470977
-0.223664 -2.564103 -0.860021
0.066503 -0.217396 2.665516
2.566573 -0.550797 3.284137
-0.438272 2.312944 1.321793
0.767006 -1.968082 -1.490190
2.125333 -0.610472 -1.260436
1.913703 -0.878226 2.963055
2.091975 1.365848 1.252569
-0.410587 -1.176176 3.430619
2.005067 0.020180 2.473743
-0.157776 0.318552 0.784838
1.014219 -1.417740 -0.011555
2.726390 -1.833806 -0.227579
2.226564 -0.833857 3.247868
-1.088258 -2.271392 2.589285
-0.661396 1.536086 1.689530
1.588288 0.255098 1.200357
2.840356 0.483730 -1.328838
-1.321951 -0.955194 0.963871
-2.121755 2.000897 0.499550
-0.860162 2.376266 0.196407
-1.537462 -1.664578 1.945967
-1.537559 2.236780 2.366996
-1.205153 1.439202 -1.456594
-1.351746 -1.744312 2.735697
-1.173043 -0.687545 2.160048
-0.685635 1.959038 2.530660
0.750770 -0.358315 1.929653
1.105673 1.984897 -0.130474
-0.081230 2.288586 0.618364
-1.789339 0.716459 0.207940
0.730854 0.740420 -1.431566
0.876234 -2.039610 1.507833
-0.038580 -1.963600 0.366238
0.573605 1.329426 1.071113
-1.650034 -1.478474 0.601275
-1.180357 -2.279900 1.445062
-0.365513 0.313297 0.336048
1.985818 2.151060 1.265916
-1.233864 2.322387 2.190667
-0.713212 -0.604426 -0.969752
1.976437 -0.431222 1.124301
2.251858 0.384487 1.930283
2.683489 -2.253244 0.829720
-0.714383 -0.529459 2.993627
1.172466 0.442992 2.881675
-1.638232 -2.470912 -0.395535
-0.198983 -2.534670 0.088997
-0.936848 0.288737 0.880711
0.846211 -2.088785 1.533775
0.553843 -1.903757 2.713798
-0.954087 0.340416 -0.581432
-0.330587 1.942730 2.742589
2.774374 -0.960981 -0.843868
-0.992748 1.231070 2.067240
3.045551 -0.464238 1.816604
-1.841035 1.835523 -0.909329
-0.605733 2.301093 0.780725
1.523530 -2.285275 -0.897327
2.134099 2.254288 -0.391104
-1.272565 -0.357827 1.311251
-0.250239 -2.428427 -1.252421
0.055173 -1.323635 -1.075589
1.277486 -1.257708 2.447511
-0.903305 -1.126646 -1.366118
0.113907 -0.977595 1.828955
2.212297 -2.356950 1.018027
-0.095364 -0.990746 -0.972000
-0.193449 -2.128331 0.292775
-0.927238 -1.992482 -0.662995
-0.408079 1.785425 3.114638
2.353558 -1.336359 0.294411
2.151567 0.584485 0.133973
2.487503 -1.288883 2.540233
-0.367704 -0.308831 0.347953
1.174083 1.425438 -0.691013
-1.277191 0.628761 -0.443566
0.669973 1.623638 -0.154207
0.833350 -0.071947 0.616921
-0.872390 1.092051 -0.548246
-1.139418 -1.372915 2.318858
0.380293 -1.816878 -0.636871
1.105327 -0.089192 0.360319
1.993706 2.192607 0.854828
-0.569069 -1.129482 -0.279339
2.230970 0.577180 -0.956267
1.169995 -1.943461 -1.585179
-0.733102 1.337167 2.932311
-0.388672 -0.174100 -0.542229
-1.482866 1.682400 -0.817863
1.658009 0.766668 2.944542
-0.431798 -1.755263 -0.570197
-0.861181 0.712351 -0.218508
-0.662402 -0.058825 0.199312
1.515859 -1.851490 0.703114
-1.280401 2.308355 -1.004100
0.823821 -0.355788 -1.493831
-0.749635 1.432345 1.893379
3.042129 -0.346346 0.939274
-0.996770 -0.428427 0.258947
-0.572088 -0.822607 2.920876
1.431409 1.787303 2.356671
1.263218 -2.117199 1.542336
2.493984 0.930346 0.803878
2.853335 -0.081617 -0.992122
-1.062026 -1.910517 1.506339
0.720026 1.973120 -0.898252
2.937991 -0.760208 1.640606
0.732190 2.180391 1.490517
-1.009977 2.147113 2.943302
1.280655 -1.748763 -1.667322
-0.246079 -1.154342 1.663234
1.789482 0.512150 1.377192
-0.373090 1.307516 -0.276223
-1.012161 -1.448289 2.690555
-1.444011 -0.947163 2.552330
1.034639 0.218790 1.706300
2.181940 1.979020 1.657436
3.308160 0.173276 -0.754869
-1.561144 2.126039 1.858818
-0.375323 -1.644416 -0.337332
2.662802 2.167365 -1.126668
2.589903 1.385152 1.581988
0.164562 1.686549 -0.052087
-0.703497 1.403495 -0.759224
-1.015274 -0.621511 0.269584
2.505919 0.003175 -1.419739
-1.237771 1.127026 1.464843
-0.862490 1.441104 -0.112445
0.350221 -1.879528 -0.964384
3.438406 -1.305656 -0.286327
0.219067 0.965221 -0.918773
1.729815 -0.104516 2.842321
2.399999 -1.606343 1.557438
-0.066004 0.261456 -0.231499
-0.165544 0.437860 -0.225473
3.015892 -0.604233 -1.846948
3.143046 0.423005 0.794614
-0.851028 -2.062734 1.088161
-1.536331 2.283545 -1.203800
3.165506 2.693909 -0.829778
-0.646259 -0.556723 1.623744
0.578372 -0.467348 -0.261733
0.319900 -1.108908 1.803779
-0.204673 0.923914 -0.554178
-1.283248 -1.896143 -1.356161
1.790150 1.977300 1.963358
-0.378130 1.796686 -2.175600
-0.987513 1.155574 -0.723549
0.498256 -0.048482 -2.019520
3.114500 -0.875538 0.318012
2.374218 -0.479095 -1.052454
3.254909 -0.541152 -2.260416
2.447075 -0.328209 -0.633375
1.693418 -0.004387 -0.954730
-0.865473 2.277928 -1.393050
2.893403 -0.507271 -1.583328
-0.306190 0.269160 2.538755
-0.080125 -0.533561 -1.601461
-1.430822 2.011362 1.775145
-1.325567 -1.865385 2.145999
2.116955 -0.313156 1.772912
1.860577 2.940248 1.819563
-0.356755 1.376045 2.003388
3.394803 -0.016784 2.311434
-0.722871 -0.002648 -0.207949
2.112020 1.304723 0.278274
1.133539 2.019809 0.644996
-0.539172 1.068662 -1.421245
-0.850171 2.640855 -1.723697
2.777890 -0.124146 -0.994302
-1.576778 -1.805193 -1.602315
2.227827 0.657208 -2.220230
1.117312 0.479496 2.054154
3.159272 0.211279 -0.806950
0.354706 1.902054 -2.056543
0.726001 0.482587 -2.470693
0.088006 2.234835 -1.713827
-1.118212 1.989022 2.198152
3.219848 -1.792859 -1.153752
-0.264514 1.706333 2.436308
-0.727247 -0.531641 0.086567
1.460793 2.768519 -1.548818
-0.647199 2.420313 -1.970046
2.219714 -1.168428 -1.653216
-0.579970 0.123798 -1.905827
-0.212098 1.645397 -0.944109
1.491877 0.929139 -1.349365
2.692639 2.676297 -0.244980
0.384531 -1.749647 -1.571810
-0.548170 -0.678130 -0.379074
-0.880555 2.754363 -1.406181
0.539151 -1.079221 0.175099
0.822175 -0.505270 -2.386941
0.795653 0.325099 -1.442467
1.003452 1.866322 -1.169876
0.006841 2.613707 0.315690
0.561551 3.041941 -1.259623
-0.555127 -1.084208 0.546498
1.885673 -1.173370 -0.834863
-0.624557 -1.796426 0.237665
-0.533653 -0.694857 -2.320388
-0.020705 -1.713097 -2.268075
0.345901 -0.735869 -1.096765
1.979052 -1.601951 1.736913
2.554618 -0.772086 2.034170
1.410065 -0.025637 0.884456
1.796427 -0.153905 -2.347586
-1.152792 -0.060727 -0.641547
-0.879590 0.041394 2.088076
-1.214967 -0.765041 -2.411719
0.766577 1.509967 1.425071
-0.881679 0.833949 -0.225753
0.590436 2.203809 1.099405
0.547252 0.545640 1.405451
0.495993 2.814412 -0.271416
2.752086 3.054775 -1.117566
2.511255 0.890771 1.345613
1.011263 3.057627 1.895492
-1.524769 3.261880 -0.824004
0.027613 -0.586161 0.373072
2.994426 -1.241766 1.457739
-1.670481 0.664203 -2.493340
-1.253150 0.646827 -2.256655
-0.554335 -0.440066 -0.628446
3.073510 -1.077347 0.614819
-0.962240 2.018692 -2.022879
-1.300507 1.788214 -2.036055
0.592414 -1.462293 -0.399835
1.274101 1.158177 1.535060
2.596272 0.075130 2.100978
2.594070 0.486484 0.161385
-0.185692 0.636267 0.385386
0.496988 1.790979 1.040482
0.309148 -0.322588 1.356305
0.589183 0.288181 0.472842
-1.226832 -0.185599 1.410569
-1.224404 1.757286 2.112596
-1.205960 -0.078050 0.783395
1.130471 -1.633405 -2.744282
2.684890 0.815722 -2.060434
-1.836312 0.020920 -0.857167
-1.542063 0.255541 0.968198
1.094293 1.577574 -2.619834
-1.379032 0.135581 1.088176
-0.681403 3.019511 -0.926717
-1.408045 2.103761 -1.237374
-1.108782 2.590138 -2.325711
2.883470 1.554996 -2.151524
-1.468788 1.141334 0.788188
-0.269335 2.593451 -1.812816
0.989765 -1.493773 0.417112
-1.747884 -0.182354 -1.229647
-0.726223 -1.113676 1.088260
-0.009296 0.770739 0.574626
-1.185948 2.520471 -1.999289
0.006739 0.288523 0.461890
-0.719179 0.794018 0.357516
1.370460 1.366446 -1.816159
-1.839889 -0.988316 -2.859991
2.511198 -0.406766 -0.417105
0.376720 -1.576171 1.858606
1.839717 -0.450660 0.516914
2.062706 0.878063 0.751353
1.342666 0.113948 0.759805
-1.551437 1.905364 0.365409
-1.521482 0.636960 1.709992
2.725913 -0.377911 -0.124271
0.714789 1.612631 1.741560
2.274146 -1.307912 -1.525514
-1.199597 -0.780138 0.220800
1.123313 1.981243 -2.061883
-1.458974 0.960756 -2.865289
-0.897682 1.220823 -0.468945
-1.943790 1.846574 0.739512
-2.093013 -1.507989 0.957494
-1.770245 3.170360 -1.607433
-1.665608 -0.545780 -1.114654
-0.679485 -0.862118 0.639827
2.409631 2.132847 -0.951990
-0.025500 2.104791 1.943281
2.636110 0.056992 -1.387274
-1.311780 2.458995 -1.502132
-1.550537 3.322053 0.044736
1.463085 -0.556774 -2.036802
-1.481661 -1.443436 -2.140222
-0.835400 -0.493687 -1.515059
1.190369 -1.525025 -0.682813
0.658040 3.002552 0.049210
0.903835 -0.023508 1.717160
-1.245359 1.656346 -0.180811
-1.565123 -1.401540 0.672131
2.186649 -1.666623 -2.338750
2.301081 1.703639 -2.175339
-0.417541 1.402596 -2.870460
-1.157094 -0.692707 0.950008
1.245274 3.119249 1.054024
1.118191 2.817510 0.136205
-0.779834 -1.302425 -2.163584
1.297174 -0.445490 -0.797133
-2.300810 -0.054055 -0.982948
2.328777 2.365120 -0.309289
-0.456629 -1.287204 -0.322766
-2.173004 -0.909114 -1.656175
-0.230930 -0.927351 -0.355355
-0.704348 -1.111109 -1.816019
-1.920758 -0.967889 0.861834
1.503062 2.077644 -0.447513
2.123186 -1.117721 -0.789597
2.126961 0.677986 1.911781
1.970941 0.098139 1.687212
0.034120 0.075148 -2.306781
-2.369493 0.707103 -2.451223
-0.701785 -1.422951 1.798828
0.459934 -0.947026 -0.088607
-0.324098 -0.454237 -0.642935
-0.571087 0.905969 0.591292
-1.507035 2.014593 1.464573
-0.161437 1.082635 1.902907
2.115545 -1.127705 -1.664994
1.561896 -0.422026 -1.348769
-1.023242 -1.326866 1.335969
-0.677582 -0.311008 -2.582748
0.991253 -0.613869 -1.874665
-0.000360 1.565690 2.096963
0.590565 0.006132 1.628988
-2.101889 -1.524603 1.679608
-1.886220 -1.190511 0.384822
-0.667037 2.973621 0.378680
1.119203 1.818177 0.810076
1.633002 2.079657 0.340508
-2.012141 0.955063 -1.301525
-1.360223 -0.434106 1.476476
-0.735982 -1.172748 -1.536962
-0.186203 2.090835 1.735075
0.586590 -0.518600 1.619619
1.981225 -0.748525 -0.603272
-1.989433 2.313486 -1.526207
-1.496310 -0.633089 -0.216471
1.270097 -1.484149 -2.329880
-0.220480 1.801773 -2.557782
0.794392 1.356935 0.114047
2.098891 -0.038877 -1.245206
-0.631980 1.988529 -0.051297
-1.050693 2.800283 1.713153
-0.795563 1.972001 1.689811
1.487754 -0.531112 -1.520859
1.335939 2.203057 -0.393189
1.525142 -1.636789 -0.239015
-2.092136 2.561848 1.892661
-1.899360 -0.859838 -2.669790
-2.018916 2.634336 -2.571218
1.150436 2.480863 -2.606523
0.784199 -1.464629 0.989374
1.258487 -0.697232 -0.863520
-2.919057 -0.322873 -1.965110
-2.790476 0.768303 2.178509
1.603284 2.411851 -1.822369
-1.005442 1.611478 -0.642956
0.416414 1.902551 0.431955
1.385122 -1.302684 -1.425841
-2.416650 2.879568 0.110862
1.684099 0.893807 1.057563
0.602660 2.429245 1.463962
1.526471 0.587944 1.717659
-1.386197 -0.249370 0.849354
0.690030 -0.683537 1.095738
-0.863659 0.341246 1.702611
-0.415763 -0.788021 1.719974
1.696717 -1.298424 -0.928350
-2.349715 -1.595202 1.350158
-0.673063 -0.738114 1.171479
1.096546 -0.196087 -0.009367
-0.457998 0.620425 0.489569
-0.872302 -0.337594 -2.101795
-1.744585 1.472377 1.664836
-2.956083 0.604285 2.384081
-0.989994 0.716150 -0.026694
-0.593166 0.069569 0.640910
-2.799443 -0.321628 -1.812401
-0.374049 2.164258 -1.357315
-2.152731 1.964859 -1.485098
-2.740741 2.167544 -1.772489
-0.332586 1.916002 0.293622
-1.606869 -0.125905 1.077658
-2.946562 -1.684346 -1.199338
-3.080375 -1.566580 -0.648349
1.782336 -1.689822 -0.376368
-2.433931 1.810428 0.135105
-0.190897 2.070403 -2.395478
0.128905 0.089129 -0.102032
-0.974052 1.557258 1.674249
-1.295303 2.253823 -0.287558
-0.661355 -2.161837 1.023188
-1.871315 0.389477 2.030891
1.779240 -0.805376 2.254726
-0.746182 1.571264 1.075051
1.672691 -0.449851 2.135459
-2.054639 -2.286735 0.976739
0.355511 2.377080 -1.526492
-1.882439 0.491262 0.136961
-0.405941 -0.915502 -1.029951
-0.476734 2.458691 0.744022
0.896214 -0.176254 -0.842847
-1.498819 2.299845 -0.362624
-1.764259 0.204928 -1.724955
-0.939107 -0.003504 -1.311840
1.150295 -0.643427 -0.629773
-2.871821 -1.770891 -2.452301
1.603655 2.272634 0.265612
1.437223 1.052648 -1.432534
-1.355617 0.520155 1.932760
-0.434454 -1.889852 -2.018164
-1.190585 1.766128 -0.431231
-2.621011 -0.037402 1.564557
-2.656847 -1.478927 1.446501
-3.101593 2.002046 -1.135121
-0.982542 -2.019495 -1.288181
0.212712 1.672965 -0.178395
0.421827 -2.315559 1.219708
-0.410832 0.393429 -2.009767
-2.888584 -2.350089 0.001230
-2.405746 1.085896 0.059156
0.342205 1.025391 1.759591
-2.972325 1.434387 0.500908
-0.833267 -2.378611 1.834650
1.786295 0.166393 0.336994
-1.996016 -1.467591 -2.009875
1.330260 -1.203065 -2.271819
-0.687069 -2.152048 0.024430
-0.016929 -2.429478 -2.071436
-1.154172 1.471551 -1.004264
-2.055394 -2.235416 0.976389
0.469905 -1.113880 -0.273977
-1.795434 -1.021294 -1.430269
-0.618783 1.461361 0.280396
-1.496944 0.627558 0.575383
-1.001948 -1.383788 -2.271728
-3.019870 -0.433113 2.305582
0.251791 0.841582 -0.604690
-2.245817 -2.494082 -2.261252
0.971256 -1.683694 -1.627499
1.258507 0.546251 -1.025934
-2.786565 -1.541244 -1.463557
-2.145850 -0.807873 -1.124912
-2.487463 0.763824 -1.171371
-2.185557 -1.897972 1.139649
-1.036633 -0.786259 0.144148
-2.564245 -1.634078 2.338516
1.629310 -0.792323 -0.401308
-1.825561 -2.306279 -0.550132
-0.844231 0.073604 1.355721
-2.912239 0.880068 1.764379
-1.262590 -2.613383 0.637842
1.540162 -2.737015 0.578453
-2.850069 1.613364 -0.783958
-1.166980 -0.234848 -2.277345
0.439341 1.950061 1.621679
1.090901 -1.455649 2.570619
0.888692 -0.694736 -1.974530
0.089047 -2.856780 -0.556766
-2.582501 -2.418784 -0.257917
-3.044033 1.296222 -0.790090
1.678467 -2.740691 -0.688239
0.272105 1.637503 -0.301085
-0.698817 -0.908409 0.769589
-0.369118 -0.806195 0.374372
-1.503996 -2.446570 0.850981
0.504960 1.273380 2.460678
-1.287164 -0.674755 -1.613300
1.442505 0.472390 -1.593929
1.646022 1.479387 -1.681124
0.187801 1.855655 -2.160753
-2.017101 -1.675267 -2.223577
-2.619951 -2.663133 -2.155986
-2.045247 -2.908943 1.122019
-2.992493 0.216305 -1.430562
-1.216688 -2.287890 -0.866228
-0.395390 -1.219572 -1.474385
1.428016 -2.466119 -0.646232
-2.726489 -2.301574 0.684265
-2.093449 -0.818467 -1.643821
-0.920411 -2.488891 0.580605
1.245263 0.653434 0.772259
-1.731157 0.021074 1.335603
-0.159967 -0.529097 -1.126272
0.562394 -0.748480 1.669514
-0.403657 -0.258215 -1.785881
1.592511 0.797073 -1.797719
1.154570 -1.771461 2.245647
-1.424226 -1.864104 -0.063270
0.860987 -0.561230 -1.641208
-1.812324 1.721995 0.552865
0.405922 0.025939 -2.412150
-2.714824 1.763900 -1.435683
-2.788292 -0.819125 -1.623808
-1.253231 -0.505077 2.165492
-1.694139 -0.262959 -2.049784
-2.646333 -0.590372 -2.439950
1.488980 -2.940267 1.900366
0.272126 -1.957502 0.908942
-2.234356 1.828534 -1.468830
0.096852 0.756486 -2.100935
-1.538285 -3.134261 1.187237
0.575084 -2.136488 -2.262610
0.681337 -1.609386 -1.023856
1.022722 -2.290057 -1.458255
-1.184993 0.142660 -1.267105
0.437906 1.454547 -1.525055
-1.201780 -1.076120 1.797993
1.675133 -2.558175 -1.419509
0.696550 -0.580709 -1.756026
-2.685674 1.746804 -0.441679
-2.312365 -1.618006 -0.318476
1.401972 -2.183135 -1.003915
1.504925 -1.380471 1.713407
-2.219205 -3.205858 -1.481718
-2.775313 0.350937 1.132522
1.109624 -0.754430 -1.749058
0.895541 -3.002327 0.582466
0.966468 1.007462 -0.790637
-0.794577 0.278426 1.013060
-2.777598 -0.885561 -1.573363
-2.595640 0.010529 -1.331746
1.301838 -2.931895 0.726794
1.450795 -2.069678 -0.953165
-2.034750 -2.768378 0.232825
0.580727 -0.747696 1.167302
1.479203 -1.163992 1.571767
-1.122822 1.022232 0.495220
1.825095 -1.578465 -0.925492
1.235500 -1.435969 -0.633805
1.640964 -0.466595 0.076069
-2.171156 0.412159 -0.011875
-2.448798 -3.147392 -2.165910
-0.918966 -0.661248 -0.868036
-2.728095 -3.071543 0.638502
-0.232314 -1.338572 -2.598761
1.899604 -1.872371 1.588468
1.051931 -0.005404 0.359899
-0.415365 -1.298039 -2.655014
-1.914584 1.346147 -1.012160
-1.961202 -0.154477 0.878505
-1.435325 -2.942579 1.482164
-0.929452 -1.980659 -0.545185
-2.068370 0.472734 -0.252770
-2.250676 -2.186227 -0.675026
1.485819 -2.307004 1.918296
-0.859551 -2.152245 -1.243016
0.078345 -2.924691 1.538726
-2.296823 0.940062 -0.348072
-0.604805 1.257674 1.240542
0.984182 -2.081627 -2.822360
-2.459648 -1.758912 0.599764
-1.871051 0.648002 0.114860
1.835967 -1.825888 1.478936
-1.066732 -1.732204 -0.828023
-0.676969 -2.199934 -0.704487
-2.558244 0.953425 -2.187457
1.176355 -2.591363 -1.398442
0.059092 -0.631096 0.902097
-0.653764 -0.985134 -0.773863
-0.755737 -0.848770 0.083150
1.411287 -1.110977 -2.406818
0.542267 0.273403 -1.587783
-0.424761 -1.347125 -0.220265
1.256093 -2.558079 -2.404197
2.302439 -0.218942 0.374358
-2.543263 -0.055219 0.052924
0.018488 -2.191411 0.882000
-2.121975 -2.021789 -2.860859
-1.409346 -1.720769 -0.293248
0.029950 1.603522 -1.437687
-0.539496 -3.015832 0.913950
1.719762 -1.259977 1.716026
-2.107042 -1.895289 0.273783
2.129533 -1.903914 -1.368914
1.569989 -2.923354 -1.272556
-1.267179 0.231391 0.920859
-1.345595 -1.696987 1.465012
-2.313472 -2.176681 -0.654162
-2.160431 -2.882998 1.247513
-2.493896 0.256671 -1.874917
2.225507 -3.163980 0.869228
2.139871 0.508685 -1.705299
-1.749327 0.714429 1.742711
0.690915 -1.026749 -1.972241
1.904596 -0.209349 1.846346
-1.361998 0.506645 0.053304
2.249274 0.102181 -0.626856
2.365030 -1.016763 1.851996
-0.889731 -3.169189 -0.620140
-1.277607 1.505147 1.764514
-0.111271 -2.375035 0.488843
-2.402626 -0.662348 0.655276
-0.164291 -1.409677 1.752146
-1.326603 1.405159 -1.056866
1.276426 0.031474 -1.151343
2.038440 -2.719193 0.779191
-2.486563 -0.480842 -1.909759
0.876380 1.656913 1.425380
-1.759174 -0.847183 -1.029030
1.175064 -1.897366 -2.399671
1.071305 -2.899400 -1.667358
-2.306711 -1.309823 -1.016775
-0.371918 -0.670763 0.317449
-2.106642 -3.272186 0.994190
0.952083 -2.886355 -2.700992
0.598480 -0.314552 -3.159865
2.273652 -2.291875 0.794474
-0.853938 1.455751 0.358591
-1.931751 -2.288250 1.408922
-0.062604 -2.950385 1.547799
0.065383 -2.447878 0.513841
-0.484215 -3.126131 -1.725040
1.871209 -2.610234 -1.492452
0.144375 0.983545 -1.298075
-0.976937 1.434972 0.347772
1.488678 -0.880042 0.161199
-1.867534 1.416543 1.705488
-0.156099 -2.455830 -2.588884
-2.267236 1.443353 -0.410675
-0.925582 -2.258034 -2.151788
-0.849327 -2.539769 -2.555453
1.242354 -0.391951 -1.138033
-1.219037 -0.852080 -2.719527
-1.621509 -1.768875 -0.187991
-2.347509 1.071074 -1.593854
-0.515036 -0.295183 -2.314753
1.347274 -2.749878 0.892186
-2.194326 0.868915 -2.225624
-1.925079 0.044038 -0.193173
-0.013595 -0.145939 -2.646824
-1.199303 -2.254575 0.683006
-1.882274 -1.434811 -1.024765
-0.977615 0.357417 0.014505
-1.537932 -2.849151 -0.089523
0.991881 1.542245 -1.954008
0.951011 -2.705291 -0.000965
1.086792 0.961664 -3.249686
-0.385587 0.158209 -2.733685
-1.953096 0.617290 -0.935727
-1.269127 -1.958156 -3.199961
-0.616742 0.692482 0.386649
-1.093546 -1.924743 1.284754
0.050663 -2.706514 -2.748381
2.025991 -1.312386 -1.185409
0.681595 1.868394 -2.241889
-1.478870 -1.612292 -0.937264
-0.459629 -2.621622 0.740338
0.092302 1.893740 -2.152879
-0.419009 -2.141067 -2.468698
0.336458 0.813558 -1.382494
-0.922817 -0.422489 -0.870892
-0.179158 1.888993 -1.108181
0.109453 -1.586734 0.858587
1.591944 -0.603186 -3.303430
0.277414 -0.624402 -1.910399
-0.041694 -2.362817 -2.702252
-1.278773 -0.318015 -0.902638
-1.492868 -0.364208 -2.987996
1.720020 -1.899894 -2.243326
-1.904107 -1.250077 -2.783629
1.927089 -1.279423 -1.183650
-2.421587 -1.157088 -0.108369
-0.579710 0.340945 -0.582359
-1.544704 1.124658 0.125955
0.610025 -0.551979 0.949403
-1.229064 -1.352740 -0.704614
1.626119 -0.299364 -1.892580
-0.350714 0.398516 -1.835518
-1.622426 0.004286 -0.910810
0.823894 -0.654530 -0.426284
-1.275468 0.133275 -2.416791
-0.635871 -2.464994 -2.381838
1.924594 -0.668240 0.780872
-0.762000 -0.498391 -1.292178
1.912931 1.558536 -1.646161
0.733849 -2.525035 -1.878114
1.827252 0.932896 -1.114539
-1.453621 1.351199 -2.695140
-1.646438 1.017574 -1.454731
-0.081308 1.212454 -1.679708
-1.813014 -1.844105 -2.056402
0.515291 1.776222 0.348685
0.034263 -0.620890 1.427053
-1.059020 -1.613947 -1.448469
-1.027624 -0.061559 0.538572
-1.004445 0.071385 0.806635
0.408020 -2.285787 -2.489002
-1.400232 1.571095 -0.148617
-1.232030 -2.590527 1.340882
0.674626 -2.055652 -2.584004
-0.885264 -2.369783 0.850223
-1.437727 -1.709852 -2.307871
1.931820 -0.396066 1.288019
1.681770 -0.897801 -1.806336
0.324126 0.772444 0.808562
2.320890 -2.280337 -2.563286
-0.031816 -2.541540 -1.142711
-2.150060 -0.010756 -0.037025
-0.887997 -1.181607 -2.692287
-0.925833 -2.302860 -2.303324
0.751985 1.301007 -3.108301
0.576389 -1.256918 -3.166066
-2.049325 -0.261069 -3.145934
-0.120020 -2.085548 0.245627
-0.217785 0.994426 0.155432
-0.021055 -1.183759 -2.437247
-2.406831 -2.691450 1.038602
-1.332116 1.480852 -3.001522
1.707794 -1.552558 -3.261192
-0.762142 1.208782 1.058753
0.951702 -1.173688 -2.771152
0.930019 -2.378184 1.265046
-1.915829 -2.329443 -2.778815
2.040953 -2.323979 0.662039
2.179088 -0.817758 -0.050746
-2.082044 -2.661135 -0.864446
-0.426324 -0.588259 -2.288287
1.349278 -0.346580 -2.564919
-0.520124 -0.331910 -1.212026
0.635471 2.249253 -2.024108
0.195560 2.135907 -2.130166
-1.987697 -0.897678 -2.094191
-2.350054 0.698559 0.325914
-0.094366 -1.509651 -0.414746
-2.306257 0.303000 -1.390900
-0.953159 0.391115 -1.047459
0.446885 -2.419841 -2.257204
-1.906073 -2.212806 -0.097924
-1.620032 0.548719 -1.461623
0.604005 -0.177265 -1.773298
0.775075 -0.979761 -2.358579
1.588606 -2.339773 -1.082685
-0.827834 -1.626329 -2.249830
-1.939780 -0.657422 0.992615
0.813770 -1.714056 1.643649
-0.447708 0.173860 -1.318302
-1.299163 -2.121336 0.339862
-2.487599 -0.941709 1.576268
1.128465 1.958322 0.585866
-2.095467 -2.439248 -1.858352
-2.000443 2.107040 -1.772550
-0.234863 -0.047665 -1.973025
-1.512271 0.736527 -1.290323
1.547798 1.557927 -1.892925
-1.680123 1.318282 -0.658950
1.663466 -0.527413 -0.201401
0.693619 -1.449046 -0.435191
1.656736 -1.223364 0.232540
-0.804563 0.918813 0.323018
-2.319409 -1.002632 1.545923
-2.906148 1.556853 0.583155
-0.271553 -0.827178 -0.815569
0.600653 2.173720 1.709534
0.920379 -1.225436 -0.177800
-1.740245 0.456729 1.693317
-1.899966 -0.919561 -0.031364
-1.657663 0.160093 -1.890488
-1.113501 -1.569102 -1.900527
-2.309162 -0.179531 -2.648563
-1.039480 -1.499266 -1.353561
-0.191399 -0.637559 1.566529
-1.923254 -1.841480 0.619236
-1.720785 -0.820665 0.161939
-1.229040 -1.198030 0.728557
-0.892754 -1.576212 1.035489
1.517606 1.507975 -1.772977
-1.468454 -1.161973 -1.807344
-2.863429 -2.049056 0.850885
-1.669070 0.205887 -2.176353
0.095568 -0.492876 -0.122505
0.872878 -1.056129 -2.567394
1.204298 -1.122277 1.462923
1.133171 -1.575621 -1.647413
0.059586 0.073973 0.206783
-0.709456 -0.411495 -0.663489
-2.885951 -1.737525 0.387769
1.791642 1.693563 -2.162542
0.660343 1.342510 -2.358294
1.031539 -1.034271 2.148569
1.880285 0.578884 -2.352546
-2.393074 -1.899062 0.241405
-0.709252 1.490499 -0.242179
-1.782669 -0.348031 -0.677270
-2.497713 -1.163630 0.721189
-2.487702 -1.350793 0.935664
1.850669 -2.113659 -2.481351
-2.568512 -2.416813 -2.257349
-2.562830 0.274330 -2.561840
-1.763468 1.778628 -2.369833
-1.311590 1.148409 -0.973322
1.859802 1.030174 -1.211811
1.644570 0.581373 -0.089268
-1.926478 2.402073 0.906749
-0.077523 1.092078 0.228303
0.485023 1.008333 0.601340
-2.173928 1.844937 -1.178141
-2.933785 0.399095 0.541893
-0.841188 -0.544851 0.612411
-1.312946 -1.257790 -1.900559
0.910362 -1.777294 -0.970535
0.401543 -0.019820 -0.068026
-1.090761 -1.310863 -1.401517
0.453931 -1.901088 0.979992
0.801980 1.834682 2.186985
1.762435 0.225215 -0.596550
-1.966713 -1.155973 -0.529567
-2.273042 0.310367 -2.425147
-3.000617 1.710114 -2.024181
-2.833729 2.390761 -0.693316
0.270790 0.832613 -0.913431
-1.239173 -0.335736 -0.401498
-2.256042 -1.597980 -1.282647
1.752165 1.757212 1.289679
0.025297 2.083784 -2.264417
0.674620 1.148381 1.011869
-0.094250 0.290908 0.261494
-2.110501 -0.068115 -0.960147
1.224057 0.696294 -2.269450
0.022043 -2.157962 2.320533
-1.724699 0.951290 -1.768856
-1.241910 0.762303 2.020991
0.038052 -1.081599 0.499509
0.991650 -1.514817 0.226208
0.025435 -1.619172 -1.971687
-0.316928 -2.255487 -0.939508
0.463610 1.423978 1.245962
1.682832 0.227603 0.956596
-1.729925 0.870213 -0.803784
-2.008660 1.155309 1.564326
0.513763 1.226506 1.011578
-1.394386 0.037042 2.026138
-0.094119 1.030571 -2.012284
-1.746806 -0.603993 0.255232
-0.989820 1.498392 0.192174
-2.860678 -0.652387 0.050979
0.351914 1.244492 2.812386
1.223165 1.797707 -0.832846
-1.472177 -0.555956 -1.745985
0.132434 -2.214530 2.676505
0.747453 -1.847980 1.990086
-1.612599 -1.268258 0.038338
-0.272354 0.528658 2.200757
-1.424448 -2.296655 -1.633060
1.314409 -1.638672 0.469387
-1.087530 -1.313806 2.643179
-1.292964 2.317290 -1.966261
-2.146628 2.152003 -1.125185
1.411531 1.936049 0.654303
-0.694289 0.355581 1.958273
-1.787585 1.497102 -1.747777
1.578392 -1.177393 0.310067
-2.132335 -2.154909 1.088460
1.250462 -0.915438 -1.119166
-2.150876 1.144971 -0.787976
-2.929622 -0.505669 -1.432866
0.514290 -0.365758 -0.104091
-0.443835 2.488909 -1.422888
-2.522331 -0.482724 -1.701693
-2.434803 0.782130 2.944479
-0.648752 0.443474 1.131632
-2.464678 -1.922193 -0.972737
1.472683 2.380735 1.095031
-1.164746 1.833568 -1.496894
-0.702467 1.962304 1.451484
-2.873332 -2.056257 0.936293
-0.558104 -1.218360 1.250512
0.024161 0.599662 0.371423
0.157120 -0.758041 1.235415
-2.642769 -1.982665 0.719479
-1.504186 0.927942 2.216120
-2.815950 0.984627 1.583833
1.795074 -1.822164 -1.543025
-1.230695 -1.091033 -1.755601
-2.513093 0.487510 0.437728
-1.705258 -1.935481 1.691606
1.509382 1.187498 -1.650908
0.802726 0.692905 2.686354
1.362234 1.552804 -1.744262
-1.033084 -0.185402 0.560124
-1.417702 -0.988673 -1.617718
-1.718030 2.298221 -1.445717
-1.587621 2.186493 -1.205791
-2.620841 -1.100901 0.363904
0.238289 -1.632194 2.964070
-1.220604 2.203319 2.660375
-1.547301 1.776281 3.145942
-0.342306 -1.787806 2.905771
-0.643202 -0.032224 1.117357
0.266381 -1.613440 1.231360
-1.196514 -0.216662 2.931336
-1.957388 -0.084387 1.302286
1.039925 0.860647 2.599104
-2.690386 -2.159092 1.590973
1.373053 1.856416 1.915630
1.726074 -1.233593 0.803678
0.224866 0.603148 -0.447588
-2.824137 -1.430155 3.082451
-1.391871 0.458793 0.467173
-1.497958 -1.491490 2.903744
-1.503573 -1.496060 3.061303
1.964404 -1.160441 0.889687
-0.186064 2.288762 0.568093
-2.077854 2.321852 -1.234352
-2.507245 1.022043 -1.286555
-1.966803 1.273109 1.513171
-0.810914 -2.398024 2.988518
-0.144952 0.382339 2.312255
0.881587 -1.852804 -1.590618
-0.958803 -1.927452 2.527398
2.041380 -0.834603 2.693805
-1.089250 1.824071 3.066217
-1.344037 1.198590 0.452289
-2.026099 0.962762 1.639591
-2.853176 -1.725720 -1.601666
-0.232642 1.772125 -1.532308
2.045401 -2.556200 1.675330
-0.480964 0.970649 2.719025
-2.194371 -1.296174 -0.078419
-2.044494 -0.250641 2.943587
-2.370662 -0.658777 3.062955
-1.728544 -0.547724 -0.532446
-1.480787 -1.674151 2.426909
-0.010504 -1.681455 -1.243859
0.060437 1.232644 0.472175
-1.111861 0.656556 2.125897
0.950898 -2.592020 -0.382488
-2.413356 0.712639 -1.151012
0.509044 -0.745905 -1.383661
-1.112002 -1.352192 2.399419
-0.723490 -2.500948 2.050227
-2.486379 -0.379187 0.941995
1.916185 -0.117925 1.105699
-2.633152 1.197113 2.867529
-0.379550 -0.547110 0.061657
-2.608312 1.691456 -1.608666
1.720326 1.319746 -0.591616
-0.957026 0.856543 -1.472590
-2.401508 1.040463 -0.503166
-0.630812 1.724780 -0.150742
-0.863605 -2.642895 1.711658
1.389612 -2.171565 3.009532
-2.262170 -0.186542 2.464508
2.359362 1.753673 -0.795465
-1.051565 -2.606587 -0.192535
0.581735 -0.663708 0.623644
-0.373302 1.463473 2.866035
-1.103462 -2.060119 2.699617
0.187886 0.232795 0.747176
-0.364255 -1.826282 -0.845289
-1.033887 1.429148 1.484222
1.070873 -1.218970 0.274175
-0.344922 0.446912 2.045431
-1.424644 -0.316636 0.187980
-1.724799 -1.297607 0.512324
0.000613 -0.105501 1.302468
-2.497402 -0.912447 -0.600361
-1.710910 -2.353734 -1.456982
0.758115 -2.077043 0.411163
-0.199302 0.103812 2.378223
2.113329 -1.588743 1.792594
1.803441 -2.527897 -0.605096
1.844071 -0.604507 1.303633
-1.288200 -0.571847 2.412576
-1.438529 2.010648 -0.343894
0.872659 -0.305814 1.744059
2.323463 1.377078 3.088095
0.092292 -2.769429 -1.263538
-1.353360 -1.051830 -1.547836
-1.117239 0.095061 0.059696
0.326632 1.012304 0.080684
-1.876115 1.549694 2.713588
0.129642 1.313133 2.213424
-1.248728 -2.703377 0.863316
-2.273968 -0.661362 1.570052
-1.304578 -0.512241 1.882035
1.866809 -0.942503 1.536375
-2.080937 0.424223 -1.707143
1.889436 -2.553837 2.196465
-1.381324 0.608526 3.076798
-1.234590 -0.537057 -1.043926
1.989133 -1.895583 -0.892205
0.981742 1.879676 1.988383
1.148346 1.564947 -0.772040
-1.796857 2.098351 -1.440894
1.674237 -2.157818 -1.630370
-0.439507 -0.559741 2.398622
-1.971788 0.389471 -0.937994
-0.474163 -1.350646 -1.487631
-1.045013 -0.901707 -0.658921
2.125526 -2.524696 -0.734541
-0.196911 0.321869 2.072689
2.839130 1.167998 2.031379
-0.804354 -1.283311 -1.678474
0.176136 1.293444 -1.238865
-1.746377 -0.487406 -0.902076
-1.992928 0.357444 -0.690523
-0.710556 0.866589 -0.521259
-1.793113 2.002337 2.201477
-1.873336 -0.799323 1.276142
-1.045425 0.750989 -0.515652
0.172370 0.113664 0.875737
1.185998 -1.743199 2.090266
-1.110645 0.690214 0.850430
0.940542 -1.875911 -0.828762
0.503373 -1.816947 -1.381117
-0.236498 2.111529 -1.967846
-0.093629 -0.710879 -1.293982
2.817147 -0.186633 1.834839
1.995109 -2.545882 -1.764471
1.811526 -1.788063 2.752203
0.303566 -1.218453 -0.481564
1.816723 0.217285 0.592005
-1.860634 -1.607959 -0.347426
1.882726 -0.283086 -1.999242
1.542904 -0.129917 2.057869
-1.644028 -2.326555 2.868423
1.159028 -1.958676 -0.472026
1.087070 -0.761279 1.296522
0.367616 -1.306431 -1.739384
-1.159383 0.879019 -0.644838
0.402607 0.713987 -1.506796
1.983542 -0.948522 -1.802710
1.129420 -1.812460 -1.362127
-1.289257 -1.286826 -0.436542
-1.163369 -1.920732 0.003499
-0.480793 0.119659 2.582629
1.904849 1.618510 -1.251281
0.918196 1.916672 -1.944137
0.990682 -0.217296 -1.231530
-1.742213 -1.755361 -1.637856
-0.626254 0.749739 -1.109657
0.980968 -0.714438 -1.361509
-1.236830 -0.842565 -1.950261
2.459703 0.689429 2.549330
-1.167281 -2.713058 1.955926
-1.770784 -2.582028 -2.002975
1.876697 0.312521 2.759130
2.862602 -0.559826 2.360851
-1.644676 1.202540 -1.925779
-0.311620 -2.203429 -1.491358
-1.393234 -2.226735 1.320617
2.787523 1.964534 -0.540213
0.023479 -0.672876 -1.901851
1.695177 -2.778052 0.681342
2.895356 -1.983212 1.921039
1.848775 -2.016580 -2.249820
-0.763125 0.184335 0.853410
3.105514 0.866716 0.644391
0.709570 -1.471830 -1.718094
-1.021932 1.799174 -0.697325
1.568438 -2.114706 -2.043462
-0.598382 -2.424423 -1.603017
2.412470 -1.790793 -1.802682
1.690608 -1.214479 -2.220484
1.541396 -2.348795 2.378881
3.147905 0.678626 -0.774861
1.074327 -0.041383 -0.958060
-1.365337 -2.348820 -2.180716
-0.416091 -2.013687 0.580173
2.001611 -0.400605 -0.099408
2.743633 -0.082796 -1.103404
1.053496 -1.597453 -1.757308
-0.678596 1.308530 -1.701249
-0.000711 2.177529 -1.304680
0.719652 1.890546 -0.350597
2.645991 -1.692419 -1.635001
1.643308 -0.072369 -0.997893
3.251370 0.756786 0.376864
1.852117 -0.736112 1.757513
2.865840 0.598508 -2.341326
0.360366 -2.403032 1.144243
3.239494 -1.960845 0.288960
0.300235 2.094817 0.208698
-0.846225 -1.862660 -1.345738
0.430156 0.377251 -1.088279
3.154954 -1.405061 1.191935
-1.259531 -1.429906 -1.647379
-0.328742 -1.572990 -1.284452
2.856522 1.500943 -1.141509
0.616262 0.550892 0.862949
0.044477 -0.854143 1.861424
0.969333 -2.076666 -0.063578
2.546973 2.145846 -2.045556
2.230746 1.267977 -2.382886
1.399802 0.136141 -1.669689
-0.579242 -2.577132 1.776075
0.897113 -1.190345 -1.363592
-0.414633 0.313501 0.816311
-0.184193 0.924134 -0.113953
-0.553981 -2.114101 -0.208057
0.214706 -2.271815 -2.064722
-0.902999 -0.437705 -2.358997
-0.883389 0.350124 0.162393
3.013253 -1.269178 -2.059272
-0.304714 -2.207809 -2.361828
-0.355226 -0.775527 0.318119
2.287158 -0.381190 -0.521359
-1.238938 2.042249 -0.122820
-1.155060 1.731202 0.701739
-1.160081 1.492642 1.562029
-0.464334 0.332701 0.626494
1.481363 -1.333753 0.424687
-0.090701 -0.782538 2.247386
-0.585497 -1.981708 -2.037736
1.067972 -2.303267 -0.407179
0.616410 2.103404 -1.388286
-1.309431 0.804991 -1.649988
-1.168596 0.682711 -2.019014
0.003995 0.476685 -1.985506
-0.528017 0.353704 -1.506416
-0.002133 2.071770 2.090256
3.008020 2.429570 -2.462126
2.637750 -1.362298 0.084670
0.046901 -0.835268 -0.022230
2.375900 1.494096 2.360512
1.206873 2.257470 -1.978225
-0.468862 -0.066341 0.059188
1.993853 2.336499 1.225402
1.644966 -1.487620 2.018700
0.088977 1.468301 1.114082
0.692694 -0.976726 2.399055
1.259386 0.862258 2.154049
0.365693 0.767253 -1.877399
-0.876691 -1.087236 -2.404342
2.493004 -1.539650 2.368458
2.753972 -1.070486 -0.252051
2.892910 1.973086 -2.507345
2.086214 0.081253 2.471632
1.441732 0.536563 -2.428495
2.139526 -1.932558 -2.012430
0.254433 -1.486269 1.579886
-1.062759 1.734049 0.884287
-1.166049 -0.755607 2.443273
1.420083 -2.015038 -0.704089
1.962551 -1.588130 1.781608
3.180921 -1.327696 -2.425110
-1.181452 -1.412002 1.437971
2.407461 -1.035257 0.170240
-0.682782 1.815001 -1.782462
-0.321338 0.474532 2.412697
1.859848 2.351804 -1.687943
1.651652 -0.427136 0.317841
-0.102231 -0.572350 -0.849236
0.873434 2.351736 -1.697829
2.841510 1.523144 -1.945814
-0.632553 2.086768 0.399798
1.975294 -2.150094 1.254492
3.151396 -0.859114 0.087434
-0.921702 0.736892 0.835556
-0.582445 0.324734 1.854304
0.806004 -2.156579 1.127358
3.341367 1.213616 0.037991
-0.295357 -1.408681 -2.072797
-1.452601 -0.951115 2.183916
2.488966 2.236464 -1.436197
2.026846 -1.980952 -0.757638
3.323265 0.366410 1.097918
-1.033099 1.106999 0.634203
1.978559 -0.631774 1.485985
0.467396 0.193312 -1.194955
-0.392941 -0.809106 0.158767
1.876048 0.417965 -1.772848
1.517175 -0.923681 0.049481
1.221439 0.482871 -1.885925
-0.430463 -0.328092 1.983324
-0.936026 -0.415078 -2.243776
0.707343 1.927585 -1.232259
1.418642 2.055234 0.827824
-0.259485 1.787556 -1.314111
-0.223129 0.540872 0.849471
1.226838 2.896802 0.506810
-1.181372 -0.528894 -2.241544
-1.678343 2.356699 -0.425708
-0.705103 1.105989 -2.267018
0.258020 -1.788668 -0.298854
0.625857 -0.815629 -0.895839
1.521245 -1.983859 0.880545
1.803844 -1.482611 2.420868
0.574498 -1.699137 0.402556
0.949093 -1.322184 -2.211200
-1.601883 -0.126465 -0.351307
0.109108 -1.869351 -1.425551
-1.535528 2.496205 1.737823
2.682216 -1.438801 1.530812
0.131341 1.038627 -1.614590
0.059850 0.130988 0.525115
-1.149038 2.927686 0.743810
-0.876476 -0.818147 -0.875951
0.355780 2.943539 -2.165510
1.455435 0.970647 0.121023
-0.970368 2.329664 -1.529280
1.470656 1.938158 -0.234126
0.853087 1.227565 0.022611
1.444928 2.341383 1.131930
1.764684 1.163105 1.908824
0.341752 -1.703009 -1.418862
0.834400 1.711083 -0.623871
0.660457 1.500756 0.304826
-0.126528 -1.696924 -1.834816
1.359480 1.039177 -2.114076
-1.770545 0.492234 -2.051310
2.716434 -1.266506 0.230582
0.840903 0.661242 1.571981
-0.221678 -0.687800 1.235796
0.391270 1.082910 2.130212
0.128713 -1.474891 1.983634
0.492501 2.499125 1.769430
-0.527266 0.088025 -0.764231
2.825632 -1.142369 0.584225
-1.162202 2.504370 -2.091885
-0.515080 0.869483 -0.234460
1.086499 2.738469 -0.877009
-0.563959 2.445825 -0.520033
0.549217 -0.645845 -1.879038
2.683705 1.996788 1.866969
-0.974832 0.709783 0.772487
-1.895893 3.193139 -0.472989
-1.037584 1.828392 1.992521
0.775224 -1.181372 2.754529
-1.271365 2.531745 1.138556
2.299035 -0.966287 0.048577
-0.923073 0.749031 2.565588
0.241816 0.419696 1.057586
-0.246091 2.900221 -1.082926
-1.287794 -0.896293 2.294564
-1.559900 1.864062 -2.142981
-1.478099 2.785477 2.156996
-1.214799 1.966875 2.202471
2.540502 0.099256 -0.270057
2.128611 2.427462 0.204876
0.680227 1.105595 1.710792
0.840037 2.692885 0.253243
-0.907649 3.340655 1.496691
1.267166 2.070408 1.212632
-0.408196 1.747856 0.219002
-1.954374 -0.951447 -1.291572
0.104612 3.287029 2.842177
-2.007052 2.804649 1.664081
-1.158214 -0.944249 1.874480
1.672628 2.870333 2.116872
-0.642821 2.640963 -0.786490
-0.539964 -0.917531 -0.985626
-0.135235 1.761419 -0.558418
-0.237864 0.922364 2.631925
-2.231721 1.704082 0.935410
-0.803329 0.372949 0.528221
1.779468 1.380119 1.261820
1.235876 0.991426 0.375108
-1.783293 2.830976 1.814155
-0.538998 0.445147 2.929405
-0.638055 -0.543670 2.740135
-2.243605 -1.126508 -1.206142
2.177353 0.934633 1.653069
1.150765 -0.926568 -2.031857
0.361743 -1.146973 2.063973
0.243742 -0.501958 0.463620
1.487265 1.293010 0.713884
0.632858 0.512302 2.934693
-2.123038 -1.134443 1.289340
2.347681 1.298026 -1.938030
2.640370 0.775065 1.671492
-1.974520 2.963301 2.398483
2.620863 3.060879 -0.368121
2.290333 3.439759 -0.129846
-0.935303 0.190902 -1.760567
0.074101 -0.244543 1.906155
2.168548 0.473921 -1.145184
1.049039 -0.782703 0.975920
-0.905927 0.242083 0.463463
-1.738349 -0.388221 2.665443
1.165776 -0.183615 1.840861
1.515801 2.418623 0.779365
-1.005065 -1.467343 1.898722
-1.921662 -0.300711 1.860806
-1.474880 -1.196451 0.920960
1.911073 -1.129411 1.419475
0.798518 -1.040398 0.664954
-1.827965 3.003448 -1.827713
0.328613 -0.460769 -1.142914
-0.475167 2.724730 2.733146
2.103549 -0.172718 -1.472743
2.022322 -0.361260 -0.648207
-2.355662 0.254753 -1.867051
-0.862245 2.489478 0.201288
-2.183768 2.665611 1.274047
-1.239731 1.577150 2.026226
-2.349634 3.393096 2.148823
-1.799622 3.078841 0.237814
-1.252370 -1.213946 0.749203
-1.871970 3.228375 2.744615
-0.950175 -0.746300 1.762727
-2.186212 2.427428 -1.667447
2.205765 0.353314 -1.556358
0.346352 1.070719 0.791861
1.850915 -0.013693 1.412057
-2.522298 -1.083568 -1.902991
1.235140 2.200348 0.713760
-1.367482 -0.721325 -1.085188
2.319465 -0.354590 -1.003728
-1.750735 3.272339 -1.659460
0.751567 2.196102 2.498415
1.568887 1.110842 -1.042732
